城市,日期,质量等级,AQI,AQI排名,PM2.5,PM10,So2,No2,Co,O3
兰州,2013-10-28,良,94,30,61,136,29,29,1,14
兰州,2013-10-29,良,86,41,61,115,27,29,1,18
兰州,2013-10-30,良,77,38,56,74,24,30,1,26
兰州,2013-10-31,良,74,41,51,93,19,42,1,24
兰州,2013-11-1,良,99,56,73,123,20,47,1,24
兰州,2013-11-2,轻度污染,113,62,84,156,29,44,1,13
兰州,2013-11-3,轻度污染,139,83,107,183,36,53,2,26
兰州,2013-11-4,轻度污染,111,70,78,117,34,54,1,44
兰州,2013-11-5,轻度污染,135,93,99,196,37,84,2,54
兰州,2013-11-6,轻度污染,115,57,64,163,31,54,1,49
兰州,2013-11-7,轻度污染,119,71,79,205,44,55,1,25
兰州,2013-11-8,轻度污染,123,70,72,168,38,40,1,33
兰州,2013-11-9,良,83,35,22,77,19,15,1,52
兰州,2013-11-10,良,60,32,48,84,18,25,1,24
兰州,2013-11-11,良,82,92,58,111,24,25,1,16
兰州,2013-11-12,良,88,81,60,122,35,19,1,43
兰州,2013-11-13,良,97,70,66,218,22,19,1,37
兰州,2013-11-14,严重污染,371,110,181,655,35,32,1,29
兰州,2013-11-15,严重污染,414,111,152,434,53,40,2,16
兰州,2013-11-16,重度污染,250,109,140,335,51,30,2,16
兰州,2013-11-17,重度污染,204,109,166,313,43,31,2,14
兰州,2013-11-18,中度污染,200,110,126,335,52,35,1,12
兰州,2013-11-19,中度污染,200,112,138,338,56,38,2,12
兰州,2013-11-20,中度污染,200,107,161,277,52,36,1,13
兰州,2013-11-21,中度污染,174,82,112,218,47,38,1,14
兰州,2013-11-22,重度污染,234,91,183,127,36,27,1,15
兰州,2013-11-23,轻度污染,109,41,41,131,14,13,1,29
兰州,2013-11-24,轻度污染,116,46,73,189,29,29,1,15
兰州,2013-11-25,良,100,78,70,100,37,38,1,13
兰州,2013-11-26,轻度污染,101,79,63,87,29,33,1,17
兰州,2013-11-27,良,63,21,27,57,24,20,1,23
兰州,2013-11-28,良,53,17,37,58,37,28,1,16
兰州,2013-11-29,良,77,66,77,97,42,42,2,12
兰州,2013-11-30,轻度污染,113,86,84,110,45,42,2,12
兰州,2013-12-1,轻度污染,106,59,92,146,50,47,2,13
兰州,2013-12-2,轻度污染,141,60,106,203,55,49,2,12
兰州,2013-12-3,轻度污染,111,30,64,150,45,39,2,13
兰州,2013-12-4,轻度污染,117,37,98,153,35,33,1,16
兰州,2013-12-5,轻度污染,112,43,58,159,46,35,2,11
兰州,2013-12-6,轻度污染,118,50,101,211,57,46,2,13
兰州,2013-12-7,轻度污染,150,49,117,221,56,46,2,13
兰州,2013-12-8,轻度污染,101,13,20,59,20,16,1,23
兰州,2013-12-9,良,66,10,54,119,30,30,2,13
兰州,2013-12-10,良,88,31,37,98,25,23,1,17
兰州,2013-12-11,良,76,23,47,123,42,30,2,13
兰州,2013-12-12,轻度污染,102,50,85,181,54,40,2,11
兰州,2013-12-13,轻度污染,117,56,80,164,47,36,2,14
兰州,2013-12-14,良,93,29,59,122,39,32,2,9
兰州,2013-12-15,轻度污染,102,50,90,139,26,31,2,10
兰州,2013-12-16,轻度污染,137,77,119,176,28,37,2,32
兰州,2013-12-17,中度污染,167,84,128,210,37,47,2,15
兰州,2013-12-18,轻度污染,130,81,86,148,41,34,2,16
兰州,2013-12-19,轻度污染,117,62,81,145,30,25,1,22
兰州,2013-12-20,良,81,33,44,71,27,18,1,30
兰州,2013-12-21,良,74,21,68,124,31,29,1,18
兰州,2013-12-22,轻度污染,115,35,105,168,33,38,2,17
兰州,2013-12-23,轻度污染,146,47,102,160,27,31,1,18
兰州,2013-12-24,轻度污染,120,35,84,133,32,29,1,19
兰州,2013-12-25,轻度污染,145,35,124,149,36,27,1,17
兰州,2013-12-26,轻度污染,107,22,36,80,27,23,1,22
兰州,2013-12-27,良,79,33,63,123,36,28,1,19
兰州,2013-12-28,良,88,35,63,129,39,31,1,18
兰州,2013-12-29,轻度污染,101,53,79,158,43,35,1,14
兰州,2013-12-30,轻度污染,111,43,86,169,49,36,2,15
兰州,2013-12-31,轻度污染,134,114,115,212,51,39,2,17
兰州,2014-1-1,中度污染,162,155,120,214,52,38,2,20
兰州,2014-1-2,轻度污染,128,78,77,154,49,28,2,21
兰州,2014-1-3,轻度污染,101,55,69,141,52,33,2,20
兰州,2014-1-4,轻度污染,122,94,92,164,51,37,2,20
兰州,2014-1-5,轻度污染,116,46,87,162,53,35,2,18
兰州,2014-1-6,良,98,36,62,134,38,26,1,36
兰州,2014-1-7,良,52,6,15,56,22,26,1,38
兰州,2014-1-8,优,49,29,23,55,28,35,1,35
兰州,2014-1-9,良,84,122,53,116,43,51,2,25
兰州,2014-1-10,良,85,56,55,118,37,47,2,26
兰州,2014-1-11,良,73,33,40,94,30,37,1,28
兰州,2014-1-12,良,82,67,50,113,44,45,2,22
兰州,2014-1-13,轻度污染,105,98,74,150,45,52,2,21
兰州,2014-1-14,轻度污染,102,75,74,147,55,48,2,24
兰州,2014-1-15,中度污染,184,119,292,148,44,51,2,26
兰州,2014-1-16,轻度污染,117,57,83,160,54,61,2,55
兰州,2014-1-17,轻度污染,135,62,101,199,51,53,2,21
兰州,2014-1-18,轻度污染,139,74,97,190,37,47,2,32
兰州,2014-1-19,轻度污染,142,81,51,231,27,27,1,45
兰州,2014-1-20,轻度污染,123,81,86,168,44,50,2,24
兰州,2014-1-21,轻度污染,115,145,87,135,47,55,2,26
兰州,2014-1-22,轻度污染,132,144,100,142,51,68,3,27
兰州,2014-1-24,良,75,41,36,99,28,31,1,37
兰州,2014-1-25,良,73,39,49,82,37,45,2,33
兰州,2014-1-26,良,100,112,74,113,49,55,3,22
兰州,2014-1-27,良,92,95,66,103,31,41,2,33
兰州,2014-1-28,良,71,65,51,75,37,46,2,37
兰州,2014-1-29,轻度污染,136,133,85,155,42,58,2,41
兰州,2014-1-30,轻度污染,104,58,71,128,44,54,2,45
兰州,2014-1-31,中度污染,153,49,115,158,55,56,2,41
兰州,2014-2-1,轻度污染,105,82,78,106,48,52,2,43
兰州,2014-2-2,轻度污染,114,74,85,129,40,46,2,38
兰州,2014-2-3,良,72,89,22,94,22,19,1,49
兰州,2014-2-4,良,69,131,37,86,30,25,1,36
兰州,2014-2-5,良,72,139,38,93,23,15,1,29
兰州,2014-2-6,良,77,136,46,103,20,14,1,34
兰州,2014-2-7,轻度污染,106,151,61,160,23,21,1,35
兰州,2014-2-8,良,93,142,66,123,23,15,1,45
兰州,2014-2-9,优,48,78,31,46,15,12,1,51
兰州,2014-2-10,良,80,145,58,72,19,24,1,40
兰州,2014-2-11,良,87,108,64,86,20,24,1,41
兰州,2014-2-12,良,69,42,49,70,15,19,1,47
兰州,2014-2-13,良,99,103,74,94,20,30,1,39
兰州,2014-2-14,轻度污染,118,100,88,111,30,45,2,44
兰州,2014-2-15,轻度污染,103,57,77,102,43,45,2,34
兰州,2014-2-16,良,92,93,68,83,29,37,2,35
兰州,2014-2-17,良,99,127,74,89,38,45,1,47
兰州,2014-2-18,良,97,154,66,101,43,52,2,36
兰州,2014-2-19,良,79,79,53,98,49,69,2,31
兰州,2014-2-20,良,98,91,72,138,47,71,3,26
兰州,2014-2-21,良,89,48,65,109,38,64,2,53
兰州,2014-2-22,良,99,55,74,120,33,55,2,45
兰州,2014-2-23,良,100,57,74,123,33,51,2,35
兰州,2014-2-24,良,87,42,63,103,26,44,1,36
兰州,2014-2-25,轻度污染,105,84,66,135,23,41,2,38
兰州,2014-2-26,中度污染,170,143,160,184,15,21,1,64
兰州,2014-2-27,良,93,103,40,135,25,56,1,27
兰州,2014-2-28,良,92,150,32,133,20,26,1,57
兰州,2014-3-1,良,94,142,41,136,29,42,1,53
兰州,2014-3-2,良,85,87,40,118,22,37,1,53
兰州,2014-3-3,良,88,97,42,123,18,34,1,47
兰州,2014-3-4,良,86,121,29,121,20,39,1,50
兰州,2014-3-5,轻度污染,105,153,38,147,25,40,1,66
兰州,2014-3-6,良,94,146,41,124,34,44,1,86
兰州,2014-3-7,良,88,136,47,102,24,34,1,92
兰州,2014-3-8,轻度污染,105,132,62,146,30,56,1,97
兰州,2014-3-9,轻度污染,109,130,69,164,41,73,2,38
兰州,2014-3-10,轻度污染,101,98,64,148,35,60,2,31
兰州,2014-3-11,良,91,67,33,131,21,26,1,45
兰州,2014-3-12,良,85,101,27,120,18,18,0,55
兰州,2014-3-13,良,94,147,44,137,31,56,1,34
兰州,2014-3-14,轻度污染,120,171,64,189,41,75,2,30
兰州,2014-3-15,轻度污染,130,155,79,204,53,87,2,33
兰州,2014-3-16,轻度污染,114,106,66,172,41,64,2,40
兰州,2014-3-17,轻度污染,107,77,46,163,24,42,1,41
兰州,2014-3-18,轻度污染,130,90,66,208,35,56,1,49
兰州,2014-3-19,轻度污染,146,169,65,241,29,33,1,62
兰州,2014-3-20,良,80,100,28,110,23,32,1,40
兰州,2014-3-21,良,88,140,37,125,22,46,1,39
兰州,2014-3-22,良,65,33,30,80,14,30,1,29
兰州,2014-3-23,良,69,37,38,86,21,43,1,28
兰州,2014-3-25,轻度污染,127,128,77,201,43,64,2,18
兰州,2014-3-26,轻度污染,134,125,69,216,36,59,2,25
兰州,2014-3-27,轻度污染,122,110,63,193,17,30,1,30
兰州,2014-3-28,良,100,116,52,149,23,40,1,28
兰州,2014-3-29,轻度污染,110,125,67,169,36,65,1,24
兰州,2014-3-30,良,72,50,45,89,19,31,1,28
兰州,2014-3-31,良,86,102,58,116,24,51,2,25
兰州,2014-4-1,良,91,107,51,128,36,50,2,37
兰州,2014-4-2,良,62,41,31,74,30,29,1,63
兰州,2014-4-3,良,68,69,34,86,30,36,1,44
兰州,2014-4-4,良,88,111,54,125,38,59,1,41
兰州,2014-4-5,良,82,94,45,112,31,53,1,37
兰州,2014-4-6,良,74,86,41,96,23,52,1,36
兰州,2014-4-7,轻度污染,110,153,65,167,38,73,2,44
兰州,2014-4-8,轻度污染,121,115,65,186,35,68,1,49
兰州,2014-4-9,良,69,34,48,77,21,33,1,48
兰州,2014-4-10,轻度污染,109,120,58,167,31,61,1,35
兰州,2014-4-11,良,80,82,52,106,18,37,1,44
兰州,2014-4-12,良,77,100,46,103,23,50,1,32
兰州,2014-4-13,良,81,105,43,110,28,56,1,37
兰州,2014-4-14,良,66,43,30,81,24,39,1,42
兰州,2014-4-15,良,60,32,35,67,27,56,2,31
兰州,2014-4-16,优,44,7,24,45,20,26,1,45
兰州,2014-4-17,良,64,56,38,77,25,28,1,36
兰州,2014-4-18,优,44,11,28,42,17,29,1,33
兰州,2014-4-19,优,45,27,28,44,17,34,1,38
兰州,2014-4-20,良,57,51,40,57,19,39,1,27
兰州,2014-4-21,优,43,16,22,45,14,41,1,34
兰州,2014-4-22,良,82,116,47,112,26,67,2,43
兰州,2014-4-23,良,96,116,57,141,28,64,2,33
兰州,2014-4-24,严重污染,347,187,254,977,19,37,1,32
兰州,2014-4-25,严重污染,265,186,115,388,18,41,1,36
兰州,2014-4-26,严重污染,254,186,91,382,35,56,2,26
兰州,2014-4-27,中度污染,189,187,80,311,37,51,2,37
兰州,2014-4-28,轻度污染,132,178,62,212,31,55,1,45
兰州,2014-4-29,中度污染,152,189,80,251,43,80,2,43
兰州,2014-4-30,重度污染,244,188,133,457,47,72,2,40
兰州,2014-5-1,轻度污染,101,83,45,134,12,22,1,60
兰州,2014-5-2,轻度污染,101,129,44,151,20,51,1,43
兰州,2014-5-3,轻度污染,120,180,56,188,24,61,1,36
兰州,2014-5-4,良,93,174,35,134,23,53,1,42
兰州,2014-5-5,良,83,151,37,115,36,67,2,45
兰州,2014-5-6,轻度污染,108,167,56,165,42,78,2,39
兰州,2014-5-7,轻度污染,107,166,58,163,45,73,2,49
兰州,2014-5-8,轻度污染,105,124,54,158,35,70,1,59
兰州,2014-5-9,严重污染,337,189,271,746,11,21,1,59
兰州,2014-5-10,良,69,139,41,91,10,25,1,55
兰州,2014-5-11,良,74,172,47,82,29,60,2,61
兰州,2014-5-12,良,84,132,49,110,44,62,2,58
兰州,2014-5-13,良,92,124,49,132,23,37,1,76
兰州,2014-5-14,良,73,80,33,90,16,24,1,77
兰州,2014-5-15,良,68,72,33,83,34,57,1,53
兰州,2014-5-16,良,85,82,38,117,41,67,1,57
兰州,2014-5-17,良,77,71,43,104,39,67,1,44
兰州,2014-5-18,轻度污染,111,149,61,165,33,50,1,46
兰州,2014-5-19,良,56,34,30,63,21,44,1,58
兰州,2014-5-20,轻度污染,103,113,60,149,40,72,2,56
兰州,2014-5-21,良,68,47,34,85,29,36,1,51
兰州,2014-5-22,良,66,52,30,80,16,31,1,51
兰州,2014-5-23,良,76,96,43,96,21,33,1,48
兰州,2014-5-24,重度污染,205,184,118,374,10,33,1,51
兰州,2014-5-25,重度污染,232,182,119,344,20,43,1,59
兰州,2014-5-26,轻度污染,125,131,74,199,29,56,2,65
兰州,2014-5-27,良,85,54,55,111,27,56,1,61
兰州,2014-5-28,良,96,102,61,134,34,68,2,46
兰州,2014-5-29,良,88,58,53,122,35,46,2,53
兰州,2014-5-30,良,66,44,33,83,17,36,1,49
兰州,2014-5-31,良,70,62,41,84,27,37,2,64
兰州,2014-6-1,良,83,126,55,101,27,26,2,60
兰州,2014-6-2,良,85,149,62,86,16,16,1,64
兰州,2014-6-3,良,84,150,61,90,15,16,1,45
兰州,2014-6-4,良,78,107,51,97,18,28,1,47
兰州,2014-6-5,良,80,99,42,108,17,26,2,53
兰州,2014-6-6,良,72,91,37,93,11,15,1,74
兰州,2014-6-7,良,92,135,53,131,31,44,1,45
兰州,2014-6-8,良,74,79,40,96,17,24,1,67
兰州,2014-6-9,良,64,87,34,76,15,26,1,54
兰州,2014-6-10,良,68,103,44,79,21,34,1,46
兰州,2014-6-11,良,82,127,56,106,19,37,1,52
兰州,2014-6-12,良,66,56,45,74,19,29,1,66
兰州,2014-6-13,良,81,80,59,72,11,28,1,53
兰州,2014-6-14,轻度污染,115,124,85,126,27,35,1,66
兰州,2014-6-15,良,83,64,52,109,26,32,1,71
兰州,2014-6-16,良,74,76,36,96,24,28,1,72
兰州,2014-6-17,良,93,142,50,132,34,33,1,61
兰州,2014-6-18,良,74,99,48,92,15,16,1,50
兰州,2014-6-19,良,59,79,40,60,7,21,1,45
兰州,2014-6-20,良,75,162,45,95,20,37,1,33
兰州,2014-6-21,良,89,165,53,122,16,37,1,51
兰州,2014-6-22,良,82,147,41,113,16,37,1,39
兰州,2014-6-23,良,68,94,40,83,12,25,1,47
兰州,2014-6-24,良,62,81,37,66,6,21,1,40
兰州,2014-6-25,轻度污染,106,167,79,117,10,41,1,43
兰州,2014-6-26,良,92,150,63,112,28,48,2,45
兰州,2014-6-27,良,97,171,61,141,11,28,1,48
兰州,2014-6-28,良,60,73,41,56,6,30,1,41
兰州,2014-6-29,良,69,97,42,80,14,38,1,40
兰州,2014-6-30,良,77,95,54,86,15,48,1,39
兰州,2014-7-1,良,78,99,53,92,21,43,1,51
兰州,2014-7-2,良,86,155,57,113,23,48,1,53
兰州,2014-7-3,良,59,59,38,65,8,37,1,56
兰州,2014-7-4,良,84,129,53,111,21,54,1,56
兰州,2014-7-5,良,78,132,44,102,16,42,1,57
兰州,2014-7-6,良,68,120,42,84,9,26,1,52
兰州,2014-7-7,轻度污染,107,165,68,161,9,25,1,53
兰州,2014-7-8,良,60,58,42,58,6,22,1,39
兰州,2014-7-9,优,47,41,32,39,6,22,1,43
兰州,2014-7-10,良,59,68,39,64,9,27,1,40
兰州,2014-7-11,良,85,101,48,118,14,49,1,31
兰州,2014-7-12,良,90,138,48,130,12,36,1,41
兰州,2014-7-13,良,68,115,41,82,12,52,1,35
兰州,2014-7-14,良,73,96,43,94,18,54,1,45
兰州,2014-7-15,良,73,114,43,93,21,41,1,68
兰州,2014-7-16,良,68,109,36,83,16,43,1,54
兰州,2014-7-17,良,69,106,39,87,14,41,1,52
兰州,2014-7-18,良,61,85,36,69,8,31,1,43
兰州,2014-7-19,良,58,83,40,60,10,31,1,45
兰州,2014-7-20,优,49,63,29,50,9,31,1,23
兰州,2014-7-21,良,63,105,38,73,9,25,1,33
兰州,2014-7-22,良,54,69,37,51,5,35,1,24
兰州,2014-7-23,良,65,128,44,63,7,45,1,38
兰州,2014-7-24,良,85,154,60,95,16,52,2,44
兰州,2014-7-25,良,95,168,54,135,16,54,1,50
兰州,2014-7-26,良,82,89,45,112,17,52,1,45
兰州,2014-7-27,良,60,53,36,68,11,34,1,54
兰州,2014-7-28,良,72,80,38,92,15,39,1,44
兰州,2014-7-29,良,80,85,44,108,16,36,1,48
兰州,2014-7-30,良,80,142,50,109,17,40,1,40
兰州,2014-7-31,良,74,124,47,95,10,36,1,30
兰州,2014-8-1,良,71,136,41,91,15,36,1,41
兰州,2014-8-2,轻度污染,105,163,70,157,17,39,1,34
兰州,2014-8-3,良,72,101,44,92,16,26,1,38
兰州,2014-8-4,良,51,34,34,51,10,28,1,31
兰州,2014-8-5,良,84,153,62,81,12,36,1,27
兰州,2014-8-6,优,39,37,26,36,11,27,1,46
兰州,2014-8-7,良,70,141,43,88,18,41,1,51
兰州,2014-8-9,良,81,158,47,108,15,51,1,52
兰州,2014-8-10,良,91,163,50,126,16,56,1,29
兰州,2014-8-11,良,55,61,37,58,11,29,1,48
兰州,2014-8-12,良,55,82,35,54,14,42,1,52
兰州,2014-8-13,良,60,98,33,70,19,44,1,46
兰州,2014-8-14,良,68,145,36,84,19,48,1,63
兰州,2014-8-15,良,84,142,49,116,23,64,1,59
兰州,2014-8-16,良,78,114,42,102,16,46,1,62
兰州,2014-8-17,良,64,102,33,77,18,25,1,61
兰州,2014-8-18,良,86,167,49,116,24,40,1,44
兰州,2014-8-19,良,79,137,39,104,16,31,1,62
兰州,2014-8-20,良,72,106,44,91,17,31,1,48
兰州,2014-8-21,良,91,116,67,104,14,38,2,30
兰州,2014-8-23,良,79,110,53,99,9,39,1,33
兰州,2014-8-24,良,67,135,40,81,20,42,1,47
兰州,2014-8-25,良,81,155,46,107,21,46,1,40
兰州,2014-8-26,良,69,97,45,82,26,42,1,58
兰州,2014-8-27,良,91,168,49,129,24,33,1,52
兰州,2014-8-28,良,60,84,31,70,12,18,1,49
兰州,2014-8-29,良,57,85,34,63,8,16,1,43
兰州,2014-8-30,良,52,63,32,53,7,15,1,48
兰州,2014-8-31,良,73,147,43,93,19,28,1,32
兰州,2014-9-1,良,62,127,36,76,9,23,1,39
兰州,2014-9-2,良,66,151,36,80,13,26,1,41
兰州,2014-9-3,良,88,186,46,120,20,33,1,51
兰州,2014-9-4,良,86,161,48,119,18,28,1,49
兰州,2014-9-5,良,69,72,38,86,13,21,1,42
兰州,2014-9-6,良,62,43,42,67,12,19,1,36
兰州,2014-9-7,良,64,72,43,70,18,26,1,44
兰州,2014-9-8,轻度污染,105,159,76,126,17,34,1,21
兰州,2014-9-9,轻度污染,123,185,90,126,14,33,1,35
兰州,2014-9-10,良,62,79,34,75,13,28,1,26
兰州,2014-9-11,优,44,34,30,40,11,19,1,31
兰州,2014-9-12,良,74,166,50,90,23,39,2,24
兰州,2014-9-13,轻度污染,121,187,77,186,15,25,1,27
兰州,2014-9-14,良,55,119,37,61,9,17,1,36
兰州,2014-9-15,优,49,100,29,49,11,22,1,41
兰州,2014-9-16,优,41,57,23,39,9,23,1,37
兰州,2014-9-17,良,61,144,36,71,12,37,1,45
兰州,2014-9-18,良,82,160,54,108,20,43,1,44
兰州,2014-9-19,良,82,140,47,107,23,49,1,45
兰州,2014-9-20,良,75,134,34,98,20,42,1,39
兰州,2014-9-21,良,51,61,27,54,13,27,1,27
兰州,2014-9-22,优,42,27,25,40,8,23,1,41
兰州,2014-9-23,良,62,110,43,66,12,42,1,42
兰州,2014-9-24,良,89,159,58,119,21,49,2,54
兰州,2014-9-25,良,68,74,35,85,13,36,1,47
兰州,2014-9-26,良,77,82,47,100,22,38,1,37
兰州,2014-9-27,良,94,119,62,126,23,39,1,33
兰州,2014-9-28,良,75,120,50,83,13,31,1,49
兰州,2014-9-29,良,90,175,56,128,21,37,1,44
兰州,2014-9-30,良,64,139,33,76,14,19,1,39
兰州,2014-10-1,良,65,109,36,78,10,17,1,40
兰州,2014-10-2,良,99,163,59,144,16,28,1,44
兰州,2014-10-3,良,92,145,51,132,17,22,1,51
兰州,2014-10-4,良,60,84,29,73,11,16,1,50
兰州,2014-10-5,良,77,128,43,101,25,33,1,40
兰州,2014-10-6,良,72,85,39,91,21,27,1,43
兰州,2014-10-7,良,75,56,49,93,24,34,1,37
兰州,2014-10-8,良,85,81,59,101,24,31,1,41
兰州,2014-10-9,良,57,24,33,64,10,22,1,41
兰州,2014-10-10,良,76,79,45,91,15,20,1,41
兰州,2014-10-11,优,29,2,12,22,9,13,1,53
兰州,2014-10-12,优,41,29,28,39,13,25,1,41
兰州,2014-10-13,良,71,136,50,80,17,35,1,43
兰州,2014-10-14,轻度污染,107,145,79,134,25,44,2,42
兰州,2014-10-15,良,92,55,59,127,22,40,1,28
兰州,2014-10-16,良,81,71,55,98,17,36,1,22
兰州,2014-10-17,轻度污染,134,152,100,136,20,53,2,28
兰州,2014-10-18,轻度污染,124,122,93,132,24,46,1,37
兰州,2014-10-19,良,76,88,47,98,24,41,1,42
兰州,2014-10-20,良,74,67,49,97,19,38,1,33
兰州,2014-10-21,良,64,40,40,73,16,48,1,41
兰州,2014-10-22,良,89,101,59,120,23,48,1,38
兰州,2014-10-23,良,98,100,71,132,30,52,2,31
兰州,2014-10-24,良,98,93,70,126,33,60,2,34
兰州,2014-10-25,良,81,61,55,105,30,48,2,27
兰州,2014-10-26,良,86,68,63,103,26,46,2,36
兰州,2014-10-27,良,68,52,46,78,17,35,1,34
兰州,2014-10-28,优,41,9,21,45,11,34,1,35
兰州,2014-10-29,良,70,100,46,85,18,36,1,37
兰州,2014-10-30,优,43,29,25,41,13,32,1,35
兰州,2014-10-31,优,39,14,22,37,11,31,1,41
兰州,2014-11-1,优,46,30,26,46,11,34,1,52
兰州,2014-11-2,良,86,170,58,115,22,66,2,30
兰州,2014-11-3,轻度污染,129,189,96,166,33,95,2,41
兰州,2014-11-4,轻度污染,106,151,79,129,31,83,2,13
兰州,2014-11-5,轻度污染,111,127,83,135,36,83,3,21
兰州,2014-11-6,轻度污染,122,139,91,150,32,76,3,7
兰州,2014-11-7,轻度污染,101,163,75,122,33,67,2,21
兰州,2014-11-8,轻度污染,104,155,77,119,27,68,2,10
兰州,2014-11-9,良,65,81,44,70,20,45,1,16
兰州,2014-11-10,良,79,69,41,106,16,28,1,43
兰州,2014-11-11,良,81,80,44,110,15,42,1,35
兰州,2014-11-12,良,67,92,31,82,20,32,1,36
兰州,2014-11-13,轻度污染,118,183,84,159,34,65,2,18
兰州,2014-11-14,良,98,124,71,140,30,42,2,18
兰州,2014-11-15,良,81,70,40,109,20,25,1,35
兰州,2014-11-16,轻度污染,108,105,73,161,29,46,2,20
兰州,2014-11-17,轻度污染,119,124,87,170,36,53,3,18
兰州,2014-11-18,轻度污染,122,129,91,167,39,48,3,18
兰州,2014-11-19,轻度污染,117,112,86,156,37,60,2,21
兰州,2014-11-20,轻度污染,111,89,75,155,29,54,2,18
兰州,2014-11-21,轻度污染,106,80,79,132,39,66,2,17
兰州,2014-11-22,良,97,63,72,115,37,45,2,28
兰州,2014-11-23,良,78,68,54,99,30,48,2,32
兰州,2014-11-24,良,97,130,72,100,21,46,2,22
兰州,2014-11-25,中度污染,168,172,127,172,29,68,3,10
兰州,2014-11-26,良,94,119,65,110,22,34,2,29
兰州,2014-11-27,优,43,12,23,41,11,28,1,40
兰州,2014-11-28,轻度污染,101,150,75,118,18,57,2,16
兰州,2014-11-29,良,83,100,59,91,19,40,2,29
兰州,2014-11-30,良,56,67,21,60,12,25,1,52
兰州,2014-12-1,轻度污染,113,180,79,156,34,66,3,19
兰州,2014-12-2,轻度污染,111,180,82,164,29,57,3,12
兰州,2014-12-3,良,70,92,30,88,24,34,1,46
兰州,2014-12-4,轻度污染,105,168,69,143,42,63,3,32
兰州,2014-12-5,中度污染,158,186,120,204,47,78,4,27
兰州,2014-12-6,良,92,107,63,104,23,43,2,27
兰州,2014-12-7,轻度污染,113,132,71,165,38,58,3,15
兰州,2014-12-8,轻度污染,123,136,92,145,31,63,3,15
兰州,2014-12-9,良,67,45,33,82,15,25,1,32
兰州,2014-12-10,轻度污染,106,126,54,159,24,44,1,22
兰州,2014-12-11,良,95,124,36,139,14,23,1,51
兰州,2014-12-12,良,95,133,54,136,20,49,2,19
兰州,2014-12-13,轻度污染,125,173,91,181,36,68,2,12
兰州,2014-12-14,轻度污染,138,146,84,197,38,56,2,25
兰州,2014-12-15,轻度污染,104,72,40,143,16,27,1,53
兰州,2014-12-16,良,97,157,65,120,38,68,2,14
兰州,2014-12-17,轻度污染,149,183,113,159,53,69,3,16
兰州,2014-12-18,中度污染,185,179,139,212,63,82,3,28
兰州,2014-12-19,轻度污染,112,129,84,134,41,54,2,20
兰州,2014-12-20,良,77,98,49,95,34,35,1,31
兰州,2014-12-21,良,66,54,42,75,33,40,2,27
兰州,2014-12-22,轻度污染,138,175,103,155,52,59,3,16
兰州,2014-12-23,轻度污染,148,150,112,163,61,60,3,18
兰州,2014-12-24,轻度污染,106,76,79,118,43,52,2,22
兰州,2014-12-25,轻度污染,118,123,88,136,48,60,2,20
兰州,2014-12-26,中度污染,153,148,115,165,47,56,3,18
兰州,2014-12-27,中度污染,175,151,133,189,47,62,3,17
兰州,2014-12-28,重度污染,203,149,156,222,51,71,3,20
兰州,2014-12-29,轻度污染,149,118,112,173,50,66,3,23
兰州,2014-12-30,轻度污染,111,94,81,136,53,50,2,23
兰州,2014-12-31,良,69,184,34,85,35,37,2,16
兰州,2015-1-1,轻度污染,134,325,100,164,69,57,3,20
兰州,2015-1-2,中度污染,154,596,117,179,67,59,3,21
兰州,2015-1-3,中度污染,187,317,142,212,71,74,4,18
兰州,2015-1-4,良,92,71,56,111,30,37,1,37
兰州,2015-1-5,优,48,25,17,52,25,31,1,39
兰州,2015-1-6,良,59,123,34,66,33,41,2,23
兰州,2015-1-7,良,67,126,46,79,28,40,2,19
兰州,2015-1-8,良,91,171,64,115,44,55,3,18
兰州,2015-1-9,轻度污染,117,202,88,138,50,69,3,17
兰州,2015-1-10,轻度污染,109,175,81,133,57,69,4,20
兰州,2015-1-11,轻度污染,118,211,87,149,68,73,4,19
兰州,2015-1-12,轻度污染,127,270,95,161,63,80,4,20
兰州,2015-1-13,良,94,200,69,108,34,46,3,25
兰州,2015-1-14,良,96,187,70,111,31,50,2,23
兰州,2015-1-15,良,64,84,31,75,22,33,1,49
兰州,2015-1-16,良,99,168,68,132,47,73,3,28
兰州,2015-1-17,良,88,152,57,114,29,48,2,41
兰州,2015-1-18,良,80,104,50,101,33,62,3,37
兰州,2015-1-19,良,91,168,63,118,43,67,3,32
兰州,2015-1-20,良,91,151,64,120,44,57,3,38
兰州,2015-1-21,良,90,143,53,124,75,86,4,35
兰州,2015-1-22,轻度污染,110,206,79,146,60,84,4,26
兰州,2015-1-23,轻度污染,118,167,88,152,53,75,3,29
兰州,2015-1-24,良,87,92,45,120,28,39,2,50
兰州,2015-1-25,轻度污染,101,128,73,137,46,63,3,32
兰州,2015-1-26,良,78,84,33,103,23,25,2,58
兰州,2015-1-27,良,62,117,31,72,27,33,2,46
兰州,2015-1-28,良,70,253,38,87,22,26,2,43
兰州,2015-1-29,良,78,244,32,104,20,28,2,49
兰州,2015-1-30,良,67,162,38,77,18,37,2,36
兰州,2015-1-31,良,83,236,61,73,23,36,2,42
兰州,2015-2-1,良,90,215,66,81,19,39,3,40
兰州,2015-2-2,良,81,131,59,75,24,39,2,47
兰州,2015-2-3,良,91,154,67,98,30,41,2,45
兰州,2015-2-4,良,60,94,42,52,16,20,2,70
兰州,2015-2-5,良,80,175,58,76,22,43,2,44
兰州,2015-2-6,良,90,173,65,96,28,36,2,45
兰州,2015-2-7,良,72,92,42,91,19,37,2,53
兰州,2015-2-8,良,86,231,55,116,24,52,2,48
兰州,2015-2-9,良,95,235,68,131,35,63,3,42
兰州,2015-2-10,良,95,170,68,120,35,56,2,42
兰州,2015-2-11,良,84,120,54,111,43,69,3,39
兰州,2015-2-12,良,86,140,58,114,54,75,3,38
兰州,2015-2-13,良,80,128,53,103,46,64,3,36
兰州,2015-2-14,中度污染,197,312,80,274,32,42,3,46
兰州,2015-2-15,良,77,113,29,103,15,24,1,63
兰州,2015-2-16,良,78,105,45,103,34,49,2,51
兰州,2015-2-17,良,76,132,48,100,38,46,3,53
兰州,2015-2-18,良,92,199,65,120,39,39,2,59
兰州,2015-2-19,轻度污染,124,223,93,138,30,30,2,57
兰州,2015-2-20,良,77,239,35,102,15,15,1,73
兰州,2015-2-21,良,68,183,27,84,13,16,1,62
兰州,2015-2-22,良,67,135,30,81,19,26,1,63
兰州,2015-2-23,良,75,181,37,98,16,22,1,66
兰州,2015-2-24,良,52,94,29,57,10,28,2,40
兰州,2015-2-25,轻度污染,130,315,57,208,9,26,1,47
兰州,2015-2-26,良,74,227,38,97,12,31,1,51
兰州,2015-2-27,轻度污染,106,343,43,160,16,17,1,63
兰州,2015-2-28,优,45,160,18,45,15,20,1,58
兰州,2015-3-1,良,71,225,46,83,30,37,2,65
兰州,2015-3-2,轻度污染,143,342,61,242,23,31,2,48
兰州,2015-3-3,重度污染,226,355,76,360,11,24,1,58
兰州,2015-3-4,轻度污染,113,345,52,175,17,26,1,43
兰州,2015-3-5,良,93,304,59,123,25,34,2,36
兰州,2015-3-6,良,85,234,57,112,22,40,2,39
兰州,2015-3-7,良,74,183,42,96,20,31,2,50
兰州,2015-3-8,良,88,240,35,123,12,20,1,87
兰州,2015-3-9,轻度污染,119,320,47,186,16,17,1,64
兰州,2015-3-10,良,92,286,42,132,25,26,1,48
兰州,2015-3-11,良,99,302,52,146,29,47,2,49
兰州,2015-3-12,轻度污染,125,308,71,199,35,61,2,72
兰州,2015-3-13,轻度污染,107,266,42,162,16,35,1,56
兰州,2015-3-14,轻度污染,140,295,54,227,13,40,1,52
兰州,2015-3-15,轻度污染,150,313,67,249,26,63,2,36
兰州,2015-3-16,轻度污染,126,275,59,199,19,48,1,39
兰州,2015-3-17,轻度污染,139,321,73,226,31,63,2,29
兰州,2015-3-18,轻度污染,101,303,46,150,25,39,2,49
兰州,2015-3-19,良,67,146,32,81,10,25,1,68
兰州,2015-3-20,良,82,200,35,112,18,36,1,56
兰州,2015-3-21,轻度污染,112,284,60,171,22,56,1,49
兰州,2015-3-22,轻度污染,108,260,64,163,24,64,2,26
兰州,2015-3-23,良,74,215,47,93,10,37,1,58
兰州,2015-3-24,良,58,138,34,65,7,38,1,64
兰州,2015-3-25,良,73,214,37,95,13,53,1,48
兰州,2015-3-26,良,78,230,40,105,13,56,1,52
兰州,2015-3-27,轻度污染,102,275,47,150,13,54,1,47
兰州,2015-3-28,轻度污染,115,277,51,179,15,64,1,31
兰州,2015-3-29,良,88,178,55,119,14,66,1,44
兰州,2015-3-30,良,77,185,38,102,13,44,1,61
兰州,2015-3-31,良,98,272,48,143,13,52,1,54
兰州,2015-4-1,轻度污染,101,318,62,146,14,39,1,42
兰州,2015-4-2,重度污染,208,352,90,319,20,54,1,45
兰州,2015-4-3,轻度污染,113,334,53,172,5,29,1,46
兰州,2015-4-4,轻度污染,115,312,55,178,16,39,1,32
兰州,2015-4-5,良,66,174,22,81,19,30,1,73
兰州,2015-4-6,优,46,119,25,46,8,31,1,63
兰州,2015-4-7,优,49,177,23,50,8,34,1,63
兰州,2015-4-8,良,51,137,26,53,8,30,1,59
兰州,2015-4-9,良,55,131,30,60,9,29,1,67
兰州,2015-4-10,良,79,238,43,106,19,46,1,53
兰州,2015-4-11,良,93,285,33,133,8,33,1,71
兰州,2015-4-12,轻度污染,121,359,40,175,14,30,0,65
兰州,2015-4-13,良,96,335,35,140,32,60,1,40
兰州,2015-4-14,轻度污染,106,320,42,159,25,56,1,42
兰州,2015-4-15,轻度污染,149,325,66,245,34,57,1,66
兰州,2015-4-16,重度污染,225,362,90,348,21,41,1,74
兰州,2015-4-17,中度污染,163,354,72,257,23,43,1,66
兰州,2015-4-18,良,98,248,40,129,6,20,1,75
兰州,2015-4-19,良,62,178,22,65,10,30,1,98
兰州,2015-4-20,良,55,138,26,60,8,36,1,67
兰州,2015-4-21,良,56,129,30,63,9,43,1,60
兰州,2015-4-22,良,95,309,49,126,27,62,1,59
兰州,2015-4-23,良,69,137,31,87,20,53,1,53
兰州,2015-4-24,良,98,279,52,140,35,61,1,53
兰州,2015-4-25,良,69,109,40,85,17,48,1,65
兰州,2015-4-26,良,72,107,37,88,18,54,1,54
兰州,2015-4-27,良,95,271,53,120,26,63,1,70
兰州,2015-4-28,良,84,238,50,111,25,51,1,60
兰州,2015-4-29,良,75,183,42,93,17,48,1,70
兰州,2015-4-30,良,100,263,57,133,9,35,1,51
兰州,2015-5-1,良,64,157,38,68,7,36,1,66
兰州,2015-5-2,良,67,234,34,83,16,39,1,61
兰州,2015-5-3,良,51,68,22,40,6,21,1,89
兰州,2015-5-4,良,67,184,30,76,10,39,1,75
兰州,2015-5-5,良,67,139,35,84,16,49,1,50
兰州,2015-5-6,轻度污染,118,319,60,170,11,45,1,59
兰州,2015-5-7,良,100,276,56,147,19,43,1,52
兰州,2015-5-8,良,84,295,43,113,19,38,1,75
兰州,2015-5-9,良,68,233,36,87,19,49,1,53
兰州,2015-5-10,轻度污染,132,339,60,185,5,26,1,57
兰州,2015-5-11,良,78,340,37,105,11,41,1,53
兰州,2015-5-12,轻度污染,102,350,44,152,21,72,1,43
兰州,2015-5-13,轻度污染,101,327,49,150,18,58,1,61
兰州,2015-5-14,轻度污染,108,314,50,164,11,56,1,47
兰州,2015-5-15,轻度污染,108,338,54,165,19,51,1,53
兰州,2015-5-16,良,92,294,47,132,16,51,1,56
兰州,2015-5-17,轻度污染,102,288,51,134,14,52,1,63
兰州,2015-5-18,严重污染,353,362,142,466,19,50,1,55
兰州,2015-5-19,轻度污染,120,328,64,189,14,43,1,57
兰州,2015-5-20,优,50,119,25,53,7,32,1,59
兰州,2015-5-21,良,51,105,32,52,7,32,1,77
兰州,2015-5-22,良,76,222,47,98,10,48,1,55
兰州,2015-5-23,良,62,163,31,71,13,41,1,66
兰州,2015-5-24,良,74,193,33,96,17,48,1,53
兰州,2015-5-25,良,65,144,23,77,7,32,1,51
兰州,2015-5-26,良,75,183,33,98,13,47,1,51
兰州,2015-5-27,中度污染,194,353,88,277,11,53,1,34
兰州,2015-5-28,优,47,63,22,48,6,27,1,43
兰州,2015-5-29,良,62,209,27,72,7,42,1,46
兰州,2015-5-30,良,65,232,30,77,13,53,1,50
兰州,2015-5-31,良,84,251,34,116,17,57,1,40
兰州,2015-6-1,中度污染,176,357,79,247,5,41,1,48
兰州,2015-6-2,轻度污染,114,333,47,177,11,45,1,42
兰州,2015-6-3,良,70,284,26,89,7,37,1,47
兰州,2015-6-4,良,54,175,17,52,7,29,0,80
兰州,2015-6-5,良,93,322,39,127,22,57,1,73
兰州,2015-6-6,良,80,239,32,107,15,41,1,65
兰州,2015-6-7,良,80,283,35,109,13,36,1,60
兰州,2015-6-8,良,83,310,37,111,17,54,1,62
兰州,2015-6-9,轻度污染,107,310,55,162,36,61,1,59
兰州,2015-6-10,轻度污染,128,333,66,203,6,26,0,73
兰州,2015-6-11,良,100,334,41,144,16,44,1,70
兰州,2015-6-12,良,71,241,27,89,15,48,1,60
兰州,2015-6-13,良,72,255,30,93,21,49,1,58
兰州,2015-6-14,良,70,232,25,87,7,36,1,76
兰州,2015-6-15,良,68,208,28,85,7,36,1,74
兰州,2015-6-16,良,73,232,31,93,9,45,1,62
兰州,2015-6-17,良,81,265,38,110,14,57,1,50
兰州,2015-6-18,良,78,290,33,99,8,51,1,70
兰州,2015-6-19,良,64,213,32,75,10,22,1,94
兰州,2015-6-20,良,60,204,38,66,4,30,1,73
兰州,2015-6-21,良,77,249,45,95,13,51,1,68
兰州,2015-6-22,良,72,251,37,88,9,52,1,37
兰州,2015-6-23,良,60,199,36,63,6,37,1,68
兰州,2015-6-24,良,65,267,37,76,7,44,1,45
兰州,2015-6-25,良,76,321,48,87,7,47,1,64
兰州,2015-6-26,良,67,269,29,81,9,41,1,54
兰州,2015-6-27,优,49,181,17,51,5,22,1,44
兰州,2015-6-28,良,74,278,37,98,6,32,1,34
兰州,2015-6-29,轻度污染,134,359,76,216,8,60,1,33
兰州,2015-6-30,良,98,356,53,144,5,42,1,47
兰州,2015-7-1,良,78,317,44,104,8,45,1,36
兰州,2015-7-2,良,66,262,45,71,5,37,1,27
兰州,2015-7-3,良,86,310,63,88,8,48,1,31
兰州,2015-7-4,轻度污染,117,357,88,122,10,61,1,21
兰州,2015-7-5,良,71,268,47,67,8,43,1,38
兰州,2015-7-6,良,81,305,48,109,18,61,1,43
兰州,2015-7-7,良,78,288,38,103,11,46,1,40
兰州,2015-7-8,良,62,189,39,69,7,30,1,36
兰州,2015-7-9,良,52,128,33,45,7,32,1,56
兰州,2015-7-10,良,73,263,38,93,13,47,1,39
兰州,2015-7-11,良,66,230,36,80,5,29,1,44
兰州,2015-7-12,良,80,257,53,105,5,29,1,44
兰州,2015-7-13,良,76,195,41,99,11,37,1,59
兰州,2015-7-14,良,66,135,40,79,7,44,1,46
兰州,2015-7-15,良,72,233,38,93,9,48,1,46
兰州,2015-7-16,良,73,273,39,95,10,41,1,46
兰州,2015-7-17,良,73,286,46,92,12,51,1,51
兰州,2015-7-18,良,76,291,37,93,13,54,1,69
兰州,2015-7-19,良,99,351,40,129,21,58,1,70
兰州,2015-7-20,良,80,290,30,87,15,38,1,91
兰州,2015-7-21,良,65,217,32,78,13,43,1,74
兰州,2015-7-22,良,67,244,37,82,17,45,1,68
兰州,2015-7-23,良,58,231,25,53,7,38,1,80
兰州,2015-7-24,良,82,319,42,107,18,60,2,57
兰州,2015-7-25,良,94,326,45,126,16,62,2,62
兰州,2015-7-26,良,80,262,43,104,16,51,1,60
兰州,2015-7-27,良,74,257,43,94,14,47,1,63
兰州,2015-7-28,良,67,259,42,81,9,39,1,60
兰州,2015-7-29,良,72,291,47,91,14,42,1,48
兰州,2015-7-30,良,73,320,51,89,14,44,1,55
兰州,2015-7-31,良,70,310,48,83,8,35,1,59
兰州,2015-8-1,良,75,312,51,96,15,45,1,49
兰州,2015-8-2,良,67,282,35,82,10,33,1,65
兰州,2015-8-3,良,60,254,41,60,6,28,1,52
兰州,2015-8-4,良,58,237,36,61,7,38,1,51
兰州,2015-8-5,良,74,286,35,81,23,47,1,68
兰州,2015-8-6,良,69,287,31,77,17,47,1,72
兰州,2015-8-7,良,63,230,25,74,8,35,1,65
兰州,2015-8-8,优,45,145,24,43,8,27,1,66
兰州,2015-8-9,优,38,115,19,36,6,29,1,55
兰州,2015-8-10,良,56,257,26,56,14,41,1,72
兰州,2015-8-11,良,66,287,27,75,11,46,1,51
兰州,2015-8-12,良,63,228,29,74,16,34,1,67
兰州,2015-8-13,良,94,294,46,136,8,20,1,69
兰州,2015-8-14,良,63,202,29,69,9,46,1,62
兰州,2015-8-15,良,77,290,33,102,14,53,1,52
兰州,2015-8-16,中度污染,175,357,62,237,9,35,1,47
兰州,2015-8-17,轻度污染,114,318,56,177,12,30,1,60
兰州,2015-8-18,良,70,209,43,89,8,33,1,44
兰州,2015-8-19,良,67,273,36,83,16,49,1,44
兰州,2015-8-20,良,75,328,36,100,14,50,1,47
兰州,2015-8-21,良,61,217,24,68,11,40,1,62
兰州,2015-8-22,良,85,303,37,117,17,49,1,54
兰州,2015-8-23,良,62,191,30,72,15,43,1,56
兰州,2015-8-24,良,72,265,32,90,17,48,1,59
兰州,2015-8-25,良,79,300,34,107,14,58,1,48
兰州,2015-8-26,良,72,219,32,91,10,42,1,54
兰州,2015-8-27,良,60,171,28,68,6,36,1,56
兰州,2015-8-28,良,67,204,33,82,10,44,1,54
兰州,2015-8-29,良,78,287,38,102,14,59,1,53
兰州,2015-8-30,良,77,259,37,102,11,51,1,59
兰州,2015-8-31,良,61,216,28,69,14,25,1,65
兰州,2015-9-1,良,58,203,28,64,10,30,1,68
兰州,2015-9-2,良,51,173,29,54,5,29,1,55
兰州,2015-9-3,优,50,167,33,45,5,37,1,31
兰州,2015-9-4,优,45,158,26,43,9,37,1,48
兰州,2015-9-5,良,73,340,33,94,13,49,1,44
兰州,2015-9-6,良,71,327,32,91,18,47,1,49
兰州,2015-9-7,良,58,212,27,65,9,30,1,56
兰州,2015-9-8,优,43,71,29,36,9,23,1,51
兰州,2015-9-9,优,31,30,20,24,7,27,1,52
兰州,2015-9-10,优,33,55,18,31,9,30,1,42
兰州,2015-9-11,良,54,209,26,59,10,52,1,27
兰州,2015-9-12,良,57,225,28,65,12,45,1,38
兰州,2015-9-13,良,64,255,27,70,15,49,1,66
兰州,2015-9-14,良,76,301,38,99,17,59,1,45
兰州,2015-9-15,良,60,163,26,67,10,33,1,39
兰州,2015-9-16,良,60,154,35,71,10,31,1,36
兰州,2015-9-17,良,75,236,39,99,18,48,1,26
兰州,2015-9-18,良,76,239,40,100,12,48,1,33
兰州,2015-9-19,良,77,253,41,101,11,45,1,9
兰州,2015-9-20,良,55,156,25,59,8,23,1,55
兰州,2015-9-21,良,93,288,42,117,22,27,1,35
兰州,2015-9-22,良,54,160,28,61,11,29,1,56
兰州,2015-9-23,良,90,326,53,115,13,62,1,13
兰州,2015-9-24,良,77,298,53,79,11,44,1,40
兰州,2015-9-25,轻度污染,107,339,49,163,13,53,1,49
兰州,2015-9-26,良,96,341,57,140,18,72,1,49
兰州,2015-9-27,良,59,184,33,67,12,37,1,39
兰州,2015-9-28,良,52,164,30,59,10,36,1,46
兰州,2015-9-29,良,65,261,46,71,12,51,1,39
兰州,2015-9-30,良,84,320,40,114,20,36,1,27
兰州,2015-10-1,轻度污染,111,338,40,170,16,51,1,34
兰州,2015-10-2,良,84,276,39,115,18,50,1,44
兰州,2015-10-3,良,97,286,39,142,17,58,1,38
兰州,2015-10-4,良,87,259,43,122,17,61,1,49
兰州,2015-10-5,良,81,249,35,110,16,42,1,45
兰州,2015-10-6,良,65,208,29,80,15,41,1,34
兰州,2015-10-7,良,96,312,47,140,19,38,1,42
兰州,2015-10-8,良,70,307,27,87,11,28,1,54
兰州,2015-10-9,良,77,308,36,102,16,53,1,45
兰州,2015-10-10,良,79,310,34,106,18,60,1,39
兰州,2015-10-11,良,77,284,33,103,17,62,1,34
兰州,2015-10-12,良,83,264,42,115,20,64,1,46
兰州,2015-10-13,良,68,145,41,83,13,54,1,53
兰州,2015-10-14,良,81,154,42,110,22,73,1,43
兰州,2015-10-15,良,99,204,60,145,24,76,2,39
兰州,2015-10-16,良,80,130,48,108,14,21,1,46
兰州,2015-10-17,良,63,71,23,75,10,21,1,48
兰州,2015-10-18,良,82,215,45,108,14,39,1,58
兰州,2015-10-19,轻度污染,105,277,61,157,21,52,2,30
兰州,2015-10-20,良,100,244,58,146,21,44,1,32
兰州,2015-10-21,良,58,87,24,64,11,11,1,44
兰州,2015-10-22,优,46,48,24,48,8,28,1,32
兰州,2015-10-23,良,67,107,45,79,11,42,1,30
兰州,2015-10-24,良,54,80,35,57,8,30,1,34
兰州,2015-10-25,优,50,91,29,51,8,27,1,33
兰州,2015-10-26,优,45,65,20,47,9,23,1,46
兰州,2015-10-27,良,74,284,49,88,16,46,1,32
兰州,2015-10-28,良,93,304,68,115,23,50,1,22
兰州,2015-10-29,良,58,190,25,64,25,42,1,38
兰州,2015-10-30,良,61,221,31,70,23,30,1,41
兰州,2015-10-31,良,56,207,40,57,18,45,1,42
兰州,2015-11-1,良,97,308,71,131,34,88,2,32
兰州,2015-11-2,良,79,200,51,102,22,50,2,27
兰州,2015-11-3,良,63,95,37,74,16,30,1,44
兰州,2015-11-4,良,74,136,24,95,22,28,1,39
兰州,2015-11-5,良,74,167,35,96,20,37,1,21
兰州,2015-11-6,优,49,157,32,48,23,22,1,33
兰州,2015-11-7,良,69,272,38,87,11,28,1,36
兰州,2015-11-8,良,95,280,64,132,19,52,2,23
兰州,2015-11-9,轻度污染,112,289,83,143,22,77,2,32
兰州,2015-11-10,良,93,254,68,116,23,63,2,26
兰州,2015-11-11,良,79,213,56,92,21,59,2,19
兰州,2015-11-12,良,68,178,47,78,17,58,2,25
兰州,2015-11-13,良,92,254,61,128,29,78,2,24
兰州,2015-11-14,良,73,195,39,95,24,39,2,23
兰州,2015-11-15,良,99,260,44,146,29,48,1,43
兰州,2015-11-16,良,98,309,41,144,25,48,1,29
兰州,2015-11-17,良,77,272,40,101,23,40,1,31
兰州,2015-11-18,良,93,330,69,110,19,45,1,25
兰州,2015-11-19,良,87,311,63,114,35,44,1,18
兰州,2015-11-20,轻度污染,107,326,76,145,31,77,2,20
兰州,2015-11-21,轻度污染,112,340,84,142,33,80,2,27
兰州,2015-11-22,良,90,335,65,113,25,51,2,32
兰州,2015-11-23,良,65,296,28,79,29,32,1,31
兰州,2015-11-24,优,45,203,23,45,20,29,1,35
兰州,2015-11-25,良,68,277,40,84,25,53,2,17
兰州,2015-11-26,轻度污染,120,341,85,169,30,87,2,24
兰州,2015-11-27,轻度污染,141,344,106,192,30,90,2,23
兰州,2015-11-28,轻度污染,121,289,89,175,35,90,2,22
兰州,2015-11-29,轻度污染,142,288,107,200,36,98,3,24
兰州,2015-11-30,中度污染,161,286,122,224,40,114,3,31
兰州,2015-12-1,轻度污染,109,244,64,158,24,62,2,32
兰州,2015-12-2,良,88,236,32,123,21,46,1,34
兰州,2015-12-3,良,76,264,35,100,29,61,1,21
兰州,2015-12-4,良,97,335,56,141,37,70,2,17
兰州,2015-12-5,轻度污染,127,302,93,190,42,69,3,13
兰州,2015-12-6,轻度污染,139,315,106,186,39,79,3,29
兰州,2015-12-7,轻度污染,133,259,98,195,42,90,3,16
兰州,2015-12-8,轻度污染,116,250,87,164,40,80,3,17
兰州,2015-12-9,轻度污染,111,251,83,145,36,81,2,20
兰州,2015-12-10,轻度污染,104,224,77,136,33,85,2,28
兰州,2015-12-11,轻度污染,126,257,95,160,32,100,3,25
兰州,2015-12-12,良,58,116,40,58,13,28,1,34
兰州,2015-12-13,优,36,30,24,34,16,28,1,48
兰州,2015-12-14,良,62,143,43,71,21,51,1,32
兰州,2015-12-15,良,63,175,40,73,27,37,1,29
兰州,2015-12-16,良,69,274,42,81,24,45,1,25
兰州,2015-12-17,良,98,336,72,121,29,48,2,21
兰州,2015-12-18,轻度污染,101,277,72,122,31,75,2,25
兰州,2015-12-19,轻度污染,103,237,77,126,31,75,2,24
兰州,2015-12-20,轻度污染,128,240,97,149,30,87,2,23
兰州,2015-12-21,轻度污染,133,205,100,157,30,91,2,26
兰州,2015-12-22,轻度污染,118,175,89,132,27,81,2,27
兰州,2015-12-23,轻度污染,115,159,85,130,36,74,2,21
兰州,2015-12-24,良,95,187,70,113,33,66,2,24
兰州,2015-12-25,轻度污染,121,242,90,149,40,77,3,24
兰州,2015-12-26,轻度污染,139,277,105,171,47,93,3,15
兰州,2015-12-27,良,73,172,48,90,45,25,3,19
兰州,2015-12-28,良,89,187,60,117,50,40,3,20
兰州,2015-12-29,轻度污染,111,203,82,134,52,51,3,26
兰州,2015-12-30,轻度污染,149,235,112,173,51,59,3,26
兰州,2015-12-31,中度污染,153,242,116,174,49,68,3,23
兰州,2016-1-1,中度污染,156,262,118,178,54,91,4,29
兰州,2016-1-2,良,100,125,74,118,47,83,3,29
兰州,2016-1-3,良,96,124,69,125,50,75,3,24
兰州,2016-1-4,良,100,179,73,134,43,69,3,29
兰州,2016-1-5,良,68,177,38,83,32,59,2,30
兰州,2016-1-6,良,80,221,55,103,33,57,2,26
兰州,2016-1-7,良,79,200,54,98,38,62,2,31
兰州,2016-1-8,轻度污染,109,266,81,132,43,76,2,30
兰州,2016-1-9,轻度污染,128,240,97,146,34,76,3,28
兰州,2016-1-10,轻度污染,105,214,76,118,35,56,2,32
兰州,2016-1-11,良,70,210,45,82,21,35,1,41
兰州,2016-1-12,良,66,211,39,79,24,35,1,36
兰州,2016-1-13,良,85,209,59,105,31,55,2,34
兰州,2016-1-14,良,89,198,60,110,31,72,2,29
兰州,2016-1-15,轻度污染,138,285,103,166,38,102,3,31
兰州,2016-1-16,轻度污染,122,237,88,151,40,79,2,35
兰州,2016-1-17,轻度污染,125,266,50,197,23,60,1,34
兰州,2016-1-18,良,76,182,41,99,29,56,1,37
兰州,2016-1-19,良,94,196,54,135,34,52,2,33
兰州,2016-1-20,良,63,113,29,73,25,50,1,32
兰州,2016-1-21,良,80,245,40,107,31,43,2,35
兰州,2016-1-22,优,39,96,12,38,14,15,1,57
兰州,2016-1-23,良,56,178,20,61,16,31,1,47
兰州,2016-1-24,优,49,119,23,53,24,42,1,43
兰州,2016-1-25,良,85,301,60,102,34,62,2,32
兰州,2016-1-26,良,91,281,66,113,39,58,2,31
兰州,2016-1-27,轻度污染,109,269,82,127,39,46,2,33
兰州,2016-1-28,轻度污染,101,223,75,116,37,55,2,36
兰州,2016-1-29,轻度污染,127,288,96,139,40,62,2,42
兰州,2016-1-30,轻度污染,116,289,86,129,45,38,2,38
兰州,2016-1-31,良,65,179,35,78,28,25,1,51
兰州,2016-2-1,良,73,175,48,86,34,37,1,45
兰州,2016-2-2,轻度污染,101,209,75,124,34,56,2,34
兰州,2016-2-3,良,100,188,74,116,34,49,2,39
兰州,2016-2-4,良,88,197,59,114,25,42,1,52
兰州,2016-2-5,良,75,175,38,98,18,33,1,43
兰州,2016-2-6,良,70,201,45,87,23,52,1,36
兰州,2016-2-7,轻度污染,105,278,75,128,38,70,2,43
兰州,2016-2-8,轻度污染,137,155,104,153,45,67,2,45
兰州,2016-2-9,轻度污染,104,248,77,122,37,67,2,43
兰州,2016-2-10,轻度污染,113,276,84,127,37,72,2,48
兰州,2016-2-11,轻度污染,113,262,78,137,29,50,2,52
兰州,2016-2-12,良,85,198,28,117,11,12,1,65
兰州,2016-2-13,良,52,180,15,54,14,16,1,61
兰州,2016-2-14,良,57,312,31,61,20,31,1,46
兰州,2016-2-15,良,64,326,41,70,20,38,1,52
兰州,2016-2-16,良,79,338,56,89,23,49,1,50
兰州,2016-2-17,良,93,331,68,109,27,59,2,46
兰州,2016-2-18,中度污染,164,345,73,358,26,44,1,44
兰州,2016-2-19,严重污染,322,357,81,479,11,23,1,67
兰州,2016-2-20,严重污染,382,363,88,541,16,42,1,52
兰州,2016-2-21,中度污染,157,354,62,259,25,48,1,38
兰州,2016-2-22,轻度污染,128,296,59,205,22,38,1,47
兰州,2016-2-23,轻度污染,117,300,57,182,16,38,1,59
兰州,2016-2-24,良,83,239,45,113,15,39,1,62
兰州,2016-2-25,良,71,187,40,89,16,42,1,55
兰州,2016-2-26,良,74,194,46,90,20,60,1,49
兰州,2016-2-27,良,79,220,47,103,20,48,1,51
兰州,2016-2-28,重度污染,201,356,77,270,14,41,1,40
兰州,2016-2-29,良,72,183,35,92,23,61,2,51
兰州,2016-3-1,良,67,117,32,82,19,38,1,59
兰州,2016-3-2,良,61,56,26,71,15,46,1,51
兰州,2016-3-3,良,66,74,33,72,27,58,2,64
兰州,2016-3-4,中度污染,177,297,54,250,11,32,1,57
兰州,2016-3-5,轻度污染,129,214,41,206,13,38,1,55
兰州,2016-3-6,轻度污染,150,255,61,248,21,49,1,54
兰州,2016-3-7,中度污染,159,310,66,266,19,46,1,64
兰州,2016-3-8,轻度污染,140,347,53,215,20,41,1,63
兰州,2016-3-9,中度污染,170,353,58,251,17,16,1,64
兰州,2016-3-10,良,71,306,42,90,12,30,1,59
兰州,2016-3-11,良,88,303,53,124,16,43,1,62
兰州,2016-3-12,轻度污染,148,349,82,243,12,32,1,55
兰州,2016-3-13,良,81,216,41,109,11,39,1,61
兰州,2016-3-14,良,86,205,49,121,15,46,1,60
兰州,2016-3-15,良,83,150,42,114,14,50,1,67
兰州,2016-3-16,良,72,123,42,92,13,37,1,66
兰州,2016-3-17,轻度污染,103,203,47,154,10,46,1,60
兰州,2016-3-18,轻度污染,131,249,68,210,19,71,1,62
兰州,2016-3-19,轻度污染,103,218,54,154,10,41,1,75
兰州,2016-3-20,轻度污染,112,278,67,171,12,46,1,66
兰州,2016-3-21,优,48,72,30,48,9,33,1,64
兰州,2016-3-22,良,89,250,57,125,10,39,1,64
兰州,2016-3-23,良,67,244,41,82,7,28,1,72
兰州,2016-3-24,良,53,166,26,54,6,36,1,67
兰州,2016-3-25,良,60,158,33,69,9,44,1,56
兰州,2016-3-26,良,68,161,25,84,8,49,1,64
兰州,2016-3-27,良,74,181,32,96,10,58,1,60
兰州,2016-3-28,良,90,243,36,129,10,50,1,65
兰州,2016-3-29,良,85,210,35,118,10,51,1,61
兰州,2016-3-30,良,84,192,39,116,11,62,1,64
兰州,2016-3-31,良,98,250,44,140,14,74,1,71
兰州,2016-4-1,轻度污染,142,340,59,232,8,32,1,78
兰州,2016-4-2,良,83,204,27,114,15,25,1,71
兰州,2016-4-3,轻度污染,103,336,34,153,15,36,1,76
兰州,2016-4-4,良,88,316,38,125,13,40,1,75
兰州,2016-4-5,良,67,202,36,82,10,38,1,79
兰州,2016-4-6,良,65,222,33,79,5,35,1,65
兰州,2016-4-7,良,77,252,32,102,8,37,1,80
兰州,2016-4-8,良,72,225,24,92,7,37,1,67
兰州,2016-4-9,良,57,147,25,61,7,42,1,69
兰州,2016-4-10,良,86,260,40,117,14,62,1,73
兰州,2016-4-11,良,88,268,41,125,13,48,1,77
兰州,2016-4-12,良,88,268,34,124,9,32,1,74
兰州,2016-4-13,良,85,211,37,118,7,40,1,65
兰州,2016-4-14,良,72,157,30,89,9,45,1,77
兰州,2016-4-15,良,68,169,25,86,4,20,1,85
兰州,2016-4-16,优,48,107,22,48,3,21,1,84
兰州,2016-4-17,良,55,161,19,51,3,30,1,94
兰州,2016-4-18,良,90,349,40,118,12,66,1,83
兰州,2016-4-19,良,77,279,31,102,7,39,1,73
兰州,2016-4-20,良,88,306,34,125,10,46,1,72
兰州,2016-4-21,良,78,240,31,102,12,48,1,83
兰州,2016-4-22,良,83,234,33,114,9,50,1,67
兰州,2016-4-23,良,51,129,26,47,4,35,1,81
兰州,2016-4-24,良,90,285,38,89,7,52,1,96
兰州,2016-4-25,良,79,244,34,106,5,33,1,84
兰州,2016-4-26,良,64,201,30,71,4,30,1,95
兰州,2016-4-27,良,85,292,41,87,9,54,1,98
兰州,2016-4-28,良,100,322,49,132,15,63,1,94
兰州,2016-4-29,轻度污染,101,292,49,137,15,56,1,88
兰州,2016-4-30,良,84,213,44,115,9,43,1,91
兰州,2016-5-1,重度污染,201,358,74,274,11,33,1,82
兰州,2016-5-2,良,77,251,24,50,4,24,1,130
兰州,2016-5-3,良,99,350,50,131,11,61,1,97
兰州,2016-5-4,轻度污染,123,354,66,190,16,49,1,103
兰州,2016-5-5,良,100,307,52,147,9,23,1,95
兰州,2016-5-6,良,98,261,47,144,13,17,1,75
兰州,2016-5-7,良,84,265,49,109,8,37,1,70
兰州,2016-5-8,轻度污染,112,360,64,172,16,47,1,69
兰州,2016-5-9,良,74,279,35,90,8,26,1,94
兰州,2016-5-10,良,95,318,48,117,12,59,1,92
兰州,2016-5-11,中度污染,179,353,99,385,18,53,1,87
兰州,2016-5-12,良,96,257,32,105,6,18,0,140
兰州,2016-5-13,良,92,321,33,132,10,36,1,95
兰州,2016-5-14,良,63,200,32,71,4,27,1,88
兰州,2016-5-15,轻度污染,109,363,60,161,11,53,1,77
兰州,2016-5-16,良,72,263,39,81,11,59,1,77
兰州,2016-5-17,良,65,114,44,78,6,27,1,87
兰州,2016-5-18,良,70,133,41,73,9,47,1,84
兰州,2016-5-19,良,66,123,28,62,9,31,1,105
兰州,2016-5-20,轻度污染,125,339,75,184,11,14,1,82
兰州,2016-5-21,优,39,79,24,37,5,20,1,62
兰州,2016-5-22,优,32,31,19,26,7,18,1,62
兰州,2016-5-23,优,40,69,21,33,5,29,1,89
兰州,2016-5-24,良,73,235,39,92,14,30,1,82
兰州,2016-5-25,优,45,67,21,43,4,18,1,78
兰州,2016-5-26,优,49,126,24,44,4,28,1,82
兰州,2016-5-27,良,64,235,31,72,7,35,1,101
兰州,2016-5-28,良,86,307,52,118,15,60,1,68
兰州,2016-5-29,良,82,304,43,96,12,50,1,94
兰州,2016-5-30,良,69,191,32,76,7,35,1,92
兰州,2016-5-31,良,68,193,39,82,8,33,1,82
兰州,2016-6-1,良,74,295,49,93,9,48,1,62
兰州,2016-6-2,良,70,257,42,86,10,44,1,68
兰州,2016-6-3,良,84,303,39,100,13,52,1,87
兰州,2016-6-4,良,52,154,22,52,7,32,1,66
兰州,2016-6-5,良,79,295,31,84,11,50,1,85
兰州,2016-6-6,良,74,248,35,95,13,55,1,67
兰州,2016-6-7,良,63,186,28,55,8,32,1,89
兰州,2016-6-8,优,50,104,19,40,5,24,1,86
兰州,2016-6-9,良,53,134,25,57,9,38,1,62
兰州,2016-6-10,良,63,201,29,70,9,42,1,72
兰州,2016-6-11,良,88,322,48,125,12,43,1,57
兰州,2016-6-12,良,66,265,31,69,7,48,1,75
兰州,2016-6-13,良,75,276,30,93,8,50,1,71
兰州,2016-6-14,轻度污染,109,356,49,166,7,24,1,49
兰州,2016-6-15,良,55,196,27,61,10,21,1,50
兰州,2016-6-16,良,70,237,30,83,10,47,1,81
兰州,2016-6-17,良,79,259,35,105,14,55,1,66
兰州,2016-6-18,良,96,321,53,138,21,77,1,59
兰州,2016-6-19,良,80,297,40,99,12,48,1,79
兰州,2016-6-20,良,59,221,33,72,7,39,1,56
兰州,2016-6-21,良,76,303,43,85,8,41,1,82
兰州,2016-6-22,良,80,320,50,104,21,58,1,79
兰州,2016-6-23,良,53,212,32,53,8,25,1,74
兰州,2016-6-24,良,77,351,46,94,7,58,1,55
兰州,2016-6-25,良,71,303,30,67,6,40,1,86
兰州,2016-6-26,良,68,251,36,81,4,28,1,88
兰州,2016-6-27,轻度污染,112,350,59,168,9,42,1,81
兰州,2016-6-28,良,80,297,35,101,8,71,1,59
兰州,2016-6-29,良,100,348,44,125,17,58,1,94
兰州,2016-6-30,良,69,282,27,80,8,44,1,73
兰州,2016-7-1,良,78,340,33,100,11,46,1,83
兰州,2016-7-2,良,91,342,37,99,12,53,1,105
兰州,2016-7-3,良,82,307,26,90,10,41,1,112
兰州,2016-7-4,良,80,296,33,96,8,36,1,99
兰州,2016-7-5,良,65,256,31,79,4,19,1,80
兰州,2016-7-6,良,55,222,24,60,4,21,1,68
兰州,2016-7-7,良,52,210,20,55,4,21,1,63
兰州,2016-7-8,良,51,192,20,55,5,23,1,56
兰州,2016-7-9,良,71,300,36,92,4,26,1,45
兰州,2016-7-10,良,56,220,35,61,5,19,1,44
兰州,2016-7-11,优,33,46,20,30,4,21,1,57
兰州,2016-7-12,良,63,267,31,56,5,34,1,81
兰州,2016-7-13,良,57,241,24,60,4,38,1,63
兰州,2016-7-14,良,61,263,30,68,5,42,1,64
兰州,2016-7-15,良,80,351,28,83,9,45,1,87
兰州,2016-7-16,良,64,273,24,76,8,39,1,72
兰州,2016-7-17,良,83,302,34,111,11,51,1,74
兰州,2016-7-18,优,46,137,22,39,4,24,1,82
兰州,2016-7-19,良,72,311,33,71,7,42,1,88
兰州,2016-7-20,良,75,337,32,81,7,44,1,89
兰州,2016-7-21,良,94,356,48,136,9,46,1,73
兰州,2016-7-22,良,89,343,51,112,5,33,1,93
兰州,2016-7-23,良,67,257,23,64,5,33,1,91
兰州,2016-7-24,良,51,135,18,36,4,14,1,98
兰州,2016-7-25,良,63,220,31,73,6,39,1,60
兰州,2016-7-26,良,69,262,30,75,5,38,1,90
兰州,2016-7-27,良,83,320,32,94,9,43,1,93
兰州,2016-7-28,良,83,296,28,82,10,49,1,96
兰州,2016-7-29,良,77,259,31,91,9,42,1,91
兰州,2016-7-30,良,61,185,26,61,4,22,1,85
兰州,2016-7-31,良,60,222,20,54,5,17,1,89
兰州,2016-8-1,良,58,235,19,56,4,18,1,89
兰州,2016-8-2,良,57,240,19,61,4,21,1,78
兰州,2016-8-3,良,60,267,23,64,3,20,1,83
兰州,2016-8-4,良,63,275,28,68,5,21,1,88
兰州,2016-8-5,良,72,308,27,82,6,32,1,90
兰州,2016-8-6,良,80,337,37,101,10,43,1,95
兰州,2016-8-7,良,100,364,39,112,11,51,1,103
兰州,2016-8-8,良,77,349,25,75,4,26,1,115
兰州,2016-8-9,良,67,296,26,71,4,19,1,102
兰州,2016-8-10,良,100,354,39,147,5,19,1,89
兰州,2016-8-11,良,63,284,23,66,6,23,1,87
兰州,2016-8-12,良,73,326,32,91,6,23,1,84
兰州,2016-8-13,良,68,304,27,78,7,22,1,86
兰州,2016-8-14,良,63,277,32,74,6,18,1,83
兰州,2016-8-15,良,52,219,33,56,3,35,1,77
兰州,2016-8-16,良,79,330,46,98,4,52,1,82
兰州,2016-8-17,良,67,256,32,76,4,31,1,82
兰州,2016-8-18,优,47,134,22,49,9,15,1,72
兰州,2016-8-19,优,43,130,17,38,8,17,1,80
兰州,2016-8-20,良,52,187,24,55,10,21,1,74
兰州,2016-8-21,良,77,316,46,96,9,29,1,89
兰州,2016-8-22,良,64,233,41,76,5,20,1,83
兰州,2016-8-23,优,34,18,18,32,4,21,1,55
兰州,2016-8-24,优,42,36,23,42,4,25,1,49
兰州,2016-8-25,优,40,78,16,30,3,14,1,78
兰州,2016-8-26,良,53,256,22,53,8,31,1,67
兰州,2016-8-27,良,65,303,29,78,6,44,1,57
兰州,2016-8-28,良,76,296,31,87,6,46,1,83
兰州,2016-8-29,良,55,121,30,59,4,30,1,67
兰州,2016-8-30,良,67,217,32,77,5,50,1,72
兰州,2016-8-31,良,85,270,43,119,9,64,1,54
兰州,2016-9-1,良,83,306,42,106,9,58,1,72
兰州,2016-9-2,良,84,305,38,115,12,56,1,53
兰州,2016-9-3,良,74,229,40,96,6,49,1,66
兰州,2016-9-4,良,87,280,45,120,8,56,1,67
兰州,2016-9-5,良,78,247,37,104,11,52,1,60
兰州,2016-9-6,良,54,171,23,44,5,35,1,88
兰州,2016-9-7,良,78,320,38,103,10,67,1,67
兰州,2016-9-8,良,80,282,39,105,10,56,1,70
兰州,2016-9-9,良,57,171,24,52,5,34,1,92
兰州,2016-9-10,良,73,265,37,94,8,52,1,56
兰州,2016-9-11,良,73,284,36,91,12,46,1,71
兰州,2016-9-12,良,52,145,26,47,4,36,1,79
兰州,2016-9-13,良,67,228,34,79,6,49,1,65
兰州,2016-9-14,良,70,234,43,87,6,45,1,63
兰州,2016-9-15,良,66,244,39,77,6,48,1,70
兰州,2016-9-16,良,70,277,37,84,6,41,1,76
兰州,2016-9-17,良,56,208,29,59,6,25,1,85
兰州,2016-9-18,良,55,212,34,58,4,35,1,61
兰州,2016-9-19,良,74,329,44,95,7,49,1,56
兰州,2016-9-20,良,73,300,37,91,8,54,1,68
兰州,2016-9-21,良,77,261,36,102,8,60,1,56
兰州,2016-9-22,良,87,284,40,122,9,59,1,45
兰州,2016-9-23,良,82,240,45,113,11,63,1,49
兰州,2016-9-24,良,80,228,41,108,12,58,1,51
兰州,2016-9-25,良,67,193,29,80,7,50,1,61
兰州,2016-9-26,良,80,254,35,107,8,36,1,64
兰州,2016-9-27,良,67,248,32,86,5,22,1,63
兰州,2016-9-28,良,67,321,39,83,7,42,1,57
兰州,2016-9-29,良,73,315,41,95,10,55,1,44
兰州,2016-9-30,良,79,292,42,106,14,65,1,59
兰州,2016-10-1,良,79,280,38,105,12,51,1,56
兰州,2016-10-2,良,90,308,36,127,14,66,1,58
兰州,2016-10-3,中度污染,155,350,68,257,18,43,1,70
兰州,2016-10-4,良,81,296,32,111,5,22,1,73
兰州,2016-10-5,良,79,300,35,106,10,41,1,51
兰州,2016-10-6,良,56,160,29,62,14,32,1,49
兰州,2016-10-7,良,64,252,25,75,17,26,1,65
兰州,2016-10-8,良,84,345,38,116,12,54,1,48
兰州,2016-10-9,良,60,241,37,67,7,38,1,66
兰州,2016-10-10,良,70,279,43,87,12,54,1,38
兰州,2016-10-11,良,95,335,66,126,13,69,1,26
兰州,2016-10-12,良,82,283,53,110,17,59,1,35
兰州,2016-10-13,良,81,275,46,109,14,53,1,49
兰州,2016-10-14,良,61,193,33,70,10,44,1,35
兰州,2016-10-15,良,79,276,51,106,13,56,1,46
兰州,2016-10-16,良,77,276,35,102,10,45,1,53
兰州,2016-10-17,良,86,299,49,119,14,61,2,43
兰州,2016-10-18,良,96,284,50,140,18,62,1,44
兰州,2016-10-19,良,84,237,45,115,15,49,1,32
兰州,2016-10-20,轻度污染,122,336,52,160,15,31,1,49
兰州,2016-10-21,轻度污染,114,348,49,173,13,19,1,77
兰州,2016-10-22,优,49,228,28,51,9,31,1,50
兰州,2016-10-23,良,82,352,56,100,13,51,1,22
兰州,2016-10-24,良,53,217,34,56,11,34,1,47
兰州,2016-10-25,良,66,254,38,81,15,46,1,36
兰州,2016-10-26,良,75,297,47,97,15,55,1,40
兰州,2016-10-27,良,51,211,30,58,11,20,1,63
兰州,2016-10-28,优,41,154,20,36,12,26,1,58
兰州,2016-10-29,良,60,279,39,71,10,41,1,42
兰州,2016-10-30,良,77,316,49,101,15,37,1,43
兰州,2016-10-31,良,98,355,51,141,18,62,1,35
兰州,2016-11-1,轻度污染,104,342,63,156,22,65,2,31
兰州,2016-11-2,轻度污染,114,312,76,174,28,85,2,35
兰州,2016-11-3,轻度污染,138,330,100,209,29,102,2,44
兰州,2016-11-4,轻度污染,142,314,105,212,27,97,2,34
兰州,2016-11-5,轻度污染,137,281,102,206,30,100,2,30
兰州,2016-11-6,轻度污染,102,177,51,151,22,47,1,57
兰州,2016-11-7,轻度污染,122,318,54,191,14,31,1,64
兰州,2016-11-8,轻度污染,122,353,68,192,25,65,1,34
兰州,2016-11-9,轻度污染,121,345,71,191,29,73,2,37
兰州,2016-11-10,严重污染,500,366,192,949,32,88,2,47
兰州,2016-11-11,严重污染,400,367,134,558,33,78,2,31
兰州,2016-11-12,中度污染,155,336,90,259,47,83,2,36
兰州,2016-11-13,中度污染,154,305,106,255,48,95,2,30
兰州,2016-11-14,轻度污染,118,257,66,184,39,80,2,39
兰州,2016-11-15,轻度污染,130,308,95,205,38,103,2,43
兰州,2016-11-16,轻度污染,144,318,107,222,40,98,3,42
兰州,2016-11-17,中度污染,157,318,118,239,50,114,3,33
兰州,2016-11-18,严重污染,255,352,126,417,32,87,2,53
兰州,2016-11-19,重度污染,204,349,79,330,22,57,1,44
兰州,2016-11-20,中度污染,158,332,89,263,42,90,2,32
兰州,2016-11-21,轻度污染,103,318,44,153,24,33,1,51
兰州,2016-11-22,良,70,329,32,88,18,29,1,46
兰州,2016-11-23,良,82,328,47,112,35,47,1,32
兰州,2016-11-24,良,96,289,62,139,51,53,1,33
兰州,2016-11-25,轻度污染,121,296,62,188,39,48,1,37
兰州,2016-11-26,中度污染,196,349,109,339,40,75,2,31
兰州,2016-11-27,中度污染,158,337,106,261,48,86,3,32
兰州,2016-11-28,轻度污染,117,285,76,181,40,55,2,40
兰州,2016-11-29,良,97,228,49,143,29,50,1,49
兰州,2016-11-30,轻度污染,121,283,79,189,39,84,2,37
兰州,2016-12-1,轻度污染,133,289,97,201,49,94,3,33
兰州,2016-12-2,轻度污染,145,287,109,198,34,101,3,29
兰州,2016-12-3,中度污染,156,293,118,216,48,100,3,31
兰州,2016-12-4,中度污染,174,316,132,237,47,120,3,37
兰州,2016-12-5,轻度污染,102,206,54,146,25,59,1,44
兰州,2016-12-6,轻度污染,113,265,70,173,40,88,2,32
兰州,2016-12-7,轻度污染,125,232,91,189,48,100,3,34
兰州,2016-12-8,轻度污染,147,256,110,213,48,118,3,28
兰州,2016-12-9,轻度污染,137,287,102,193,43,98,3,27
兰州,2016-12-10,轻度污染,141,307,103,191,43,109,3,40
兰州,2016-12-11,中度污染,172,324,131,214,29,110,3,37
兰州,2016-12-12,轻度污染,112,228,74,167,24,66,2,29
兰州,2016-12-13,轻度污染,122,296,83,182,29,75,2,29
兰州,2016-12-14,轻度污染,105,306,73,155,30,78,2,23
兰州,2016-12-15,良,100,251,69,146,33,77,2,25
兰州,2016-12-16,轻度污染,126,262,93,174,34,95,3,30
兰州,2016-12-17,轻度污染,149,290,112,195,43,99,3,26
兰州,2016-12-18,中度污染,172,274,130,214,49,111,3,34
兰州,2016-12-19,中度污染,166,227,125,207,45,99,3,29
兰州,2016-12-20,重度污染,229,294,110,284,37,73,2,39
兰州,2016-12-21,重度污染,221,323,67,341,23,52,1,39
兰州,2016-12-22,轻度污染,145,320,75,238,39,77,2,16
兰州,2016-12-23,轻度污染,138,315,97,221,48,108,3,31
兰州,2016-12-24,轻度污染,115,288,85,167,41,81,2,42
兰州,2016-12-25,良,94,270,45,132,22,37,1,49
兰州,2016-12-26,良,74,281,34,97,20,33,1,55
兰州,2016-12-27,轻度污染,101,311,68,139,34,81,2,44
兰州,2016-12-28,良,91,253,61,126,35,70,2,34
兰州,2016-12-29,良,82,189,50,111,47,74,2,24
兰州,2016-12-30,轻度污染,113,216,84,151,48,85,3,29
兰州,2016-12-31,轻度污染,122,187,92,160,54,91,3,24
兰州,2017-1-1,良,95,110,68,126,43,73,2,22
兰州,2017-1-2,轻度污染,128,164,95,157,45,86,3,30
兰州,2017-1-3,轻度污染,142,170,107,178,52,102,3,29
兰州,2017-1-4,中度污染,181,240,138,210,57,122,4,31
兰州,2017-1-5,中度污染,171,278,129,201,48,109,3,34
兰州,2017-1-6,良,84,205,51,116,33,53,1,45
兰州,2017-1-7,良,73,204,47,91,31,65,2,36
兰州,2017-1-8,良,68,140,44,84,31,52,1,42
兰州,2017-1-9,良,53,89,31,56,28,41,1,50
兰州,2017-1-10,优,47,90,25,47,20,28,1,65
兰州,2017-1-11,良,77,199,52,91,31,61,2,28
兰州,2017-1-12,轻度污染,115,288,86,142,36,78,2,32
兰州,2017-1-13,轻度污染,128,309,96,163,41,84,2,33
兰州,2017-1-14,轻度污染,117,314,87,149,46,74,2,43
兰州,2017-1-15,良,87,248,55,119,39,56,1,53
兰州,2017-1-16,良,79,182,39,107,34,50,1,50
兰州,2017-1-17,良,67,122,39,83,30,45,1,52
兰州,2017-1-18,良,86,164,59,113,36,55,1,50
兰州,2017-1-19,严重污染,261,363,74,395,23,40,1,65
兰州,2017-1-20,轻度污染,138,349,71,224,38,63,2,35
兰州,2017-1-21,良,99,286,60,145,43,70,2,38
兰州,2017-1-22,良,86,210,54,118,45,70,2,40
兰州,2017-1-23,轻度污染,107,253,78,147,47,83,3,37
兰州,2017-1-24,轻度污染,124,260,93,167,56,91,3,39
兰州,2017-1-25,中度污染,171,283,122,420,38,77,2,45
兰州,2017-1-26,严重污染,370,355,213,1398,15,28,1,58
兰州,2017-1-27,中度污染,162,308,63,273,27,49,1,44
兰州,2017-1-28,中度污染,155,215,56,253,28,30,1,56
兰州,2017-1-29,轻度污染,102,234,35,152,18,27,1,66
兰州,2017-1-30,良,93,289,37,133,28,31,1,56
兰州,2017-1-31,良,86,263,39,120,27,37,1,52
兰州,2017-2-1,良,81,230,46,109,32,46,1,43
兰州,2017-2-2,良,89,221,63,115,19,45,2,50
兰州,2017-2-3,良,91,202,66,121,27,51,2,46
兰州,2017-2-4,良,88,175,59,121,29,68,2,49
兰州,2017-2-5,轻度污染,113,232,83,150,36,85,2,51
兰州,2017-2-6,轻度污染,101,242,62,144,30,38,1,46
兰州,2017-2-7,良,86,282,30,121,14,19,1,76
兰州,2017-2-8,良,63,238,33,71,14,29,1,68
兰州,2017-2-9,良,84,268,61,100,15,46,1,55
兰州,2017-2-10,良,55,106,30,58,24,34,1,70
兰州,2017-2-11,良,89,261,59,104,27,64,2,55
兰州,2017-2-12,轻度污染,125,285,93,152,28,81,2,49
兰州,2017-2-13,轻度污染,109,233,81,139,32,71,2,65
兰州,2017-2-14,良,87,142,61,114,25,72,2,52
兰州,2017-2-15,轻度污染,108,185,68,148,27,68,2,61
兰州,2017-2-16,轻度污染,132,275,50,211,23,42,1,54
兰州,2017-2-17,轻度污染,115,287,50,179,22,49,1,53
兰州,2017-2-18,轻度污染,117,273,66,181,31,72,2,53
兰州,2017-2-19,轻度污染,119,217,76,186,34,75,2,53
兰州,2017-2-20,中度污染,152,337,62,252,21,41,1,65
兰州,2017-2-21,中度污染,170,359,70,276,22,25,1,63
兰州,2017-2-22,轻度污染,117,322,52,182,23,32,1,66
兰州,2017-2-23,良,89,273,52,124,17,49,1,62
兰州,2017-2-24,良,90,275,64,121,16,51,1,71
兰州,2017-2-25,良,63,160,37,74,19,43,1,75
兰州,2017-2-26,良,71,178,46,90,24,50,1,77
兰州,2017-2-27,良,80,192,53,105,25,53,1,78
兰州,2017-2-28,良,92,210,34,125,16,33,1,90
兰州,2017-3-1,中度污染,171,357,50,259,11,42,1,78
兰州,2017-3-2,良,99,338,42,146,22,54,1,67
兰州,2017-3-3,轻度污染,101,329,46,150,23,57,1,67
兰州,2017-3-4,良,79,145,44,104,20,52,1,62
兰州,2017-3-5,良,59,120,30,62,12,35,1,81
兰州,2017-3-6,良,68,230,39,83,16,49,1,69
兰州,2017-3-7,良,59,169,30,64,17,40,1,88
兰州,2017-3-8,良,71,228,43,90,21,58,1,72
兰州,2017-3-9,良,70,166,43,88,25,50,1,66
兰州,2017-3-10,良,66,127,44,77,14,40,1,58
兰州,2017-3-11,良,65,150,45,72,15,35,1,88
兰州,2017-3-12,良,63,198,43,64,12,33,1,76
兰州,2017-3-13,良,64,265,43,66,15,32,1,81
兰州,2017-3-14,良,68,261,48,67,11,44,1,73
兰州,2017-3-15,良,78,266,56,89,12,53,1,79
兰州,2017-3-16,轻度污染,107,325,79,131,15,59,1,85
兰州,2017-3-17,良,69,170,45,82,10,34,1,76
兰州,2017-3-18,良,84,215,59,107,14,55,1,60
兰州,2017-3-19,良,66,161,46,71,8,39,1,76
兰州,2017-3-20,良,84,265,48,113,14,51,1,65
兰州,2017-3-21,良,72,214,41,91,11,47,1,65
兰州,2017-3-22,良,73,247,46,91,12,50,1,50
兰州,2017-3-23,良,68,237,40,83,8,29,1,70
兰州,2017-3-24,良,90,284,45,129,11,33,1,64
兰州,2017-3-25,良,91,290,32,129,9,25,1,83
兰州,2017-3-26,轻度污染,107,336,43,162,13,54,1,67
兰州,2017-3-27,轻度污染,120,340,54,179,18,56,1,71
兰州,2017-3-28,中度污染,191,363,84,309,12,41,1,64
兰州,2017-3-29,轻度污染,125,315,58,198,16,45,1,64
兰州,2017-3-30,良,59,118,28,67,9,29,1,83
兰州,2017-3-31,良,62,186,28,67,15,33,1,83
兰州,2017-4-1,良,76,217,34,100,13,55,1,66
兰州,2017-4-2,良,79,194,40,106,11,50,1,62
兰州,2017-4-3,良,69,103,45,83,8,46,1,54
兰州,2017-4-4,良,87,235,60,103,10,47,1,70
兰州,2017-4-5,良,98,279,55,138,14,66,1,72
兰州,2017-4-6,良,97,253,48,141,8,38,1,76
兰州,2017-4-7,轻度污染,129,324,66,206,12,31,1,70
兰州,2017-4-8,优,50,91,32,50,6,23,1,56
兰州,2017-4-9,良,57,226,39,58,6,31,1,49
兰州,2017-4-10,良,56,199,39,54,7,30,1,61
兰州,2017-4-11,良,60,196,37,67,8,46,1,57
兰州,2017-4-12,良,82,274,42,112,10,45,1,60
兰州,2017-4-13,良,87,282,47,119,13,54,1,70
兰州,2017-4-14,轻度污染,107,343,49,162,14,51,1,72
兰州,2017-4-15,良,61,75,34,71,5,34,1,81
兰州,2017-4-16,良,82,230,45,111,9,40,1,57
兰州,2017-4-17,中度污染,178,351,115,509,11,45,1,69
兰州,2017-4-18,严重污染,458,366,156,679,7,40,1,71
兰州,2017-4-19,良,70,153,32,85,5,21,0,92
兰州,2017-4-20,良,93,320,44,134,8,37,1,66
兰州,2017-4-21,轻度污染,140,362,57,228,8,47,1,67
兰州,2017-4-22,轻度污染,106,359,42,154,11,51,1,77
兰州,2017-4-23,良,92,328,35,120,13,56,1,86
兰州,2017-4-24,良,99,342,40,144,11,50,1,82
兰州,2017-4-25,良,65,205,30,67,6,19,0,106
兰州,2017-4-26,良,57,198,28,61,5,33,1,73
兰州,2017-4-27,良,73,286,36,87,7,46,1,75
兰州,2017-4-28,良,87,322,39,111,14,52,1,78
兰州,2017-4-29,良,91,280,41,110,16,54,1,88
兰州,2017-4-30,良,74,137,37,88,10,28,1,112
兰州,2017-5-1,良,94,275,41,119,14,52,1,95
兰州,2017-5-2,良,80,245,52,106,5,26,1,91
兰州,2017-5-3,中度污染,195,350,69,283,5,28,0,79
兰州,2017-5-4,严重污染,371,345,100,559,9,36,1,78
兰州,2017-5-5,严重污染,422,362,191,759,7,28,0,81
兰州,2017-5-6,中度污染,198,310,88,286,10,46,1,69
兰州,2017-5-7,良,82,169,47,109,5,32,1,82
兰州,2017-5-8,良,84,253,42,102,12,46,1,91
兰州,2017-5-9,轻度污染,105,347,47,157,10,43,1,83
兰州,2017-5-10,轻度污染,120,353,61,187,10,55,1,51
兰州,2017-5-11,良,70,181,30,81,9,39,1,82
兰州,2017-5-12,良,97,294,37,120,11,55,1,81
兰州,2017-5-13,轻度污染,106,337,47,159,19,61,1,72
兰州,2017-5-14,良,67,193,27,57,4,22,1,111
兰州,2017-5-15,良,61,198,27,63,9,36,1,79
兰州,2017-5-16,良,73,273,35,86,10,45,1,74
兰州,2017-5-17,良,79,222,39,101,12,50,1,79
兰州,2017-5-18,良,64,103,30,65,9,38,1,87
兰州,2017-5-19,良,90,247,38,108,11,52,1,94
兰州,2017-5-20,良,71,193,39,89,6,32,1,88
兰州,2017-5-21,轻度污染,114,331,53,164,9,23,0,91
兰州,2017-5-22,轻度污染,109,331,68,162,4,21,0,80
兰州,2017-5-23,良,69,330,36,86,5,23,0,96
兰州,2017-5-24,良,69,281,37,85,11,31,1,97
兰州,2017-5-25,良,71,238,35,86,9,38,1,81
兰州,2017-5-26,良,83,258,37,95,7,48,1,90
兰州,2017-5-27,良,86,209,35,102,9,54,1,84
兰州,2017-5-28,良,86,170,33,92,9,46,1,104
兰州,2017-5-29,轻度污染,107,294,58,161,9,38,1,127
兰州,2017-5-30,轻度污染,131,357,62,207,13,52,1,106
兰州,2017-5-31,轻度污染,115,327,62,177,13,50,1,82
兰州,2017-6-1,良,83,262,43,102,6,36,1,110
兰州,2017-6-2,良,88,266,47,123,8,46,1,81
兰州,2017-6-3,良,66,223,46,72,8,36,1,88
兰州,2017-6-4,良,56,168,37,50,7,29,1,80
兰州,2017-6-5,良,58,256,29,51,5,39,1,76
兰州,2017-6-6,良,60,297,30,53,6,39,1,75
兰州,2017-6-7,良,67,242,32,70,10,36,1,86
兰州,2017-6-8,良,65,210,30,61,9,39,1,79
兰州,2017-6-9,良,56,180,26,45,5,30,1,89
兰州,2017-6-10,良,77,298,41,100,8,44,1,74
兰州,2017-6-11,良,84,313,36,106,7,43,1,76
兰州,2017-6-12,良,79,302,34,93,9,48,1,76
兰州,2017-6-13,良,61,231,29,67,5,37,1,80
兰州,2017-6-14,良,58,200,29,63,6,32,1,65
兰州,2017-6-15,良,61,175,34,69,11,30,1,84
兰州,2017-6-16,良,83,242,37,81,10,44,1,99
兰州,2017-6-17,良,85,227,39,94,10,50,1,91
兰州,2017-6-18,良,76,231,38,84,9,43,1,92
兰州,2017-6-19,良,85,299,41,115,10,53,1,74
兰州,2017-6-20,良,69,257,32,74,7,42,1,79
兰州,2017-6-21,良,58,175,26,56,5,35,1,82
兰州,2017-6-22,良,90,343,32,91,13,43,1,95
兰州,2017-6-23,良,89,344,35,125,8,25,0,86
兰州,2017-6-24,良,79,318,30,93,12,46,1,77
兰州,2017-6-25,良,89,325,32,101,11,49,1,93
兰州,2017-6-26,良,88,294,28,90,9,47,1,105
兰州,2017-6-27,良,75,238,31,83,7,39,1,105
兰州,2017-6-28,良,76,250,36,84,8,33,1,108
兰州,2017-6-29,良,78,254,33,80,6,44,1,96
兰州,2017-6-30,良,74,252,26,72,7,42,1,100
兰州,2017-7-1,良,74,256,24,63,6,38,1,108
兰州,2017-7-2,良,77,282,28,95,6,28,1,94
兰州,2017-7-3,良,56,207,19,43,8,25,1,100
兰州,2017-7-4,良,78,288,32,89,11,50,1,79
兰州,2017-7-5,优,48,155,23,49,6,35,1,65
兰州,2017-7-6,良,73,310,29,73,15,46,1,79
兰州,2017-7-7,良,81,331,30,83,14,56,1,81
兰州,2017-7-8,良,81,316,34,110,16,53,1,73
兰州,2017-7-9,良,64,279,21,67,8,30,1,99
兰州,2017-7-10,良,73,274,24,82,6,41,1,100
兰州,2017-7-11,良,94,301,28,93,8,47,1,112
兰州,2017-7-12,良,94,314,30,96,14,52,1,100
兰州,2017-7-13,良,73,261,35,82,5,36,1,111
兰州,2017-7-14,良,78,313,30,93,7,39,1,96
兰州,2017-7-15,良,75,321,24,76,6,38,1,101
兰州,2017-7-16,良,80,331,26,69,5,35,1,103
兰州,2017-7-17,良,70,298,25,56,5,28,1,113
兰州,2017-7-18,良,75,310,28,68,8,36,1,108
兰州,2017-7-19,良,79,323,29,83,8,41,1,98
兰州,2017-7-20,轻度污染,147,365,68,213,7,18,1,100
兰州,2017-7-21,良,65,295,24,68,6,26,1,95
兰州,2017-7-22,良,78,316,32,104,8,15,0,91
兰州,2017-7-23,良,54,163,19,57,12,17,1,78
兰州,2017-7-24,良,52,140,19,52,10,16,0,95
兰州,2017-7-25,良,64,220,31,60,5,27,1,87
兰州,2017-7-26,优,48,99,26,48,7,20,1,68
兰州,2017-7-27,优,41,63,11,23,4,20,0,82
兰州,2017-7-28,优,49,113,18,35,5,25,1,87
兰州,2017-7-29,良,69,280,26,66,9,40,1,77
兰州,2017-7-30,良,86,316,31,82,9,45,1,89
兰州,2017-7-31,良,80,288,23,83,5,34,1,100
兰州,2017-8-1,良,83,317,37,115,6,21,1,86
兰州,2017-8-2,良,84,350,34,78,8,40,1,92
兰州,2017-8-3,良,82,336,28,108,13,43,1,78
兰州,2017-8-4,良,68,253,24,60,4,26,1,110
兰州,2017-8-5,良,59,200,23,61,6,39,1,59
兰州,2017-8-6,良,52,161,21,54,5,36,1,50
兰州,2017-8-7,优,50,150,21,47,7,29,1,85
兰州,2017-8-8,良,61,270,25,67,7,42,1,62
兰州,2017-8-9,良,63,271,20,64,8,41,1,73
兰州,2017-8-10,良,81,301,28,93,17,47,1,82
兰州,2017-8-11,良,74,268,24,82,9,43,1,79
兰州,2017-8-12,良,57,229,20,59,11,30,1,80
兰州,2017-8-13,良,53,225,22,47,5,29,1,80
兰州,2017-8-14,良,73,327,26,83,9,46,1,74
兰州,2017-8-15,良,70,291,25,78,7,44,1,75
兰州,2017-8-16,良,70,287,25,85,8,44,1,68
兰州,2017-8-17,良,54,220,20,58,5,32,1,63
兰州,2017-8-18,良,57,237,22,62,7,35,1,59
兰州,2017-8-19,良,56,250,22,62,6,27,1,59
兰州,2017-8-20,优,42,119,17,33,3,21,0,74
兰州,2017-8-21,优,48,141,26,49,5,36,1,47
兰州,2017-8-22,优,42,93,15,25,4,23,1,82
兰州,2017-8-23,优,41,120,27,37,5,26,1,65
兰州,2017-8-24,良,60,291,37,66,9,45,1,31
兰州,2017-8-25,优,46,182,31,44,8,35,1,29
兰州,2017-8-26,优,39,116,22,36,5,29,1,60
兰州,2017-8-27,良,53,237,29,56,8,41,1,36
兰州,2017-8-28,优,47,213,28,46,6,38,1,47
兰州,2017-8-29,优,42,199,22,41,6,33,1,57
兰州,2017-8-30,良,65,339,34,77,7,44,1,47
兰州,2017-8-31,良,92,352,51,112,10,49,1,72
兰州,2017-9-1,良,58,233,26,65,7,36,1,65
兰州,2017-9-2,良,75,306,34,91,9,50,1,58
兰州,2017-9-3,良,76,315,30,92,9,46,1,66
兰州,2017-9-4,良,60,268,25,67,8,31,0,60
兰州,2017-9-5,良,58,254,26,66,6,38,0,55
兰州,2017-9-6,良,71,320,31,84,12,45,1,59
兰州,2017-9-7,良,80,321,37,109,14,54,1,61
兰州,2017-9-8,良,54,182,26,56,6,50,0,32
兰州,2017-9-9,良,60,206,26,68,5,30,0,58
兰州,2017-9-10,良,78,341,32,100,12,49,1,59
兰州,2017-9-11,良,93,354,40,122,20,59,1,73
兰州,2017-9-12,良,73,272,30,94,8,40,1,53
兰州,2017-9-13,良,68,222,32,84,6,34,1,52
兰州,2017-9-14,良,68,231,39,83,9,41,1,49
兰州,2017-9-15,良,71,239,40,86,8,41,1,58
兰州,2017-9-16,良,56,145,26,58,7,35,1,82
兰州,2017-9-17,良,79,255,39,92,13,43,1,72
兰州,2017-9-18,良,63,147,39,73,11,46,1,40
兰州,2017-9-19,良,56,141,37,60,6,45,1,49
兰州,2017-9-20,良,72,281,43,89,10,53,1,54
兰州,2017-9-21,良,71,255,38,88,10,50,1,53
兰州,2017-9-22,良,74,271,39,96,20,51,1,52
兰州,2017-9-23,良,63,207,31,74,9,42,1,36
兰州,2017-9-24,良,74,286,40,96,10,47,1,47
兰州,2017-9-25,良,93,334,50,134,12,43,1,58
兰州,2017-9-26,良,69,297,39,87,5,29,1,60
兰州,2017-9-27,良,70,329,36,82,9,39,1,70
兰州,2017-9-28,良,82,341,37,110,15,55,1,67
兰州,2017-9-29,良,76,292,33,100,15,51,1,49
兰州,2017-9-30,良,75,286,36,97,13,45,1,60
兰州,2017-10-1,轻度污染,107,348,53,157,12,47,1,83
兰州,2017-10-2,轻度污染,115,357,50,178,6,17,0,75
兰州,2017-10-3,良,56,325,32,61,5,31,1,65
兰州,2017-10-5,良,60,316,35,68,9,36,1,45
兰州,2017-10-6,良,52,201,29,55,8,29,1,30
兰州,2017-10-7,良,58,193,28,64,9,32,1,54
兰州,2017-10-8,良,59,205,29,68,5,16,0,73
兰州,2017-10-9,优,33,82,19,30,4,21,0,60
兰州,2017-10-10,良,56,278,39,54,9,35,1,45
兰州,2017-10-11,良,78,353,57,83,16,40,1,40
兰州,2017-10-12,良,72,338,46,91,12,50,1,37
兰州,2017-10-13,良,78,314,51,99,18,55,1,21
兰州,2017-10-14,良,72,284,51,83,12,51,1,37
兰州,2017-10-15,良,98,321,69,129,17,66,2,28
兰州,2017-10-16,良,62,259,38,72,8,42,1,30
兰州,2017-10-17,优,40,159,25,38,6,33,1,39
兰州,2017-10-18,良,59,258,38,69,10,46,1,48
兰州,2017-10-19,良,70,245,43,89,11,55,1,37
兰州,2017-10-20,良,72,233,44,92,12,46,1,33
兰州,2017-10-21,良,79,247,39,107,12,49,1,36
兰州,2017-10-22,良,90,279,48,129,20,61,2,31
兰州,2017-10-23,良,73,231,37,94,12,49,1,38
兰州,2017-10-24,良,60,118,34,66,11,44,1,18
兰州,2017-10-25,良,61,110,39,69,13,45,1,29
兰州,2017-10-26,良,82,197,50,111,16,66,1,40
兰州,2017-10-27,良,91,215,54,131,16,53,1,54
兰州,2017-10-28,良,69,119,26,86,12,33,1,59
兰州,2017-10-29,良,83,257,41,114,14,44,1,39
兰州,2017-10-30,良,91,326,52,129,19,60,2,26
兰州,2017-10-31,良,94,287,56,137,24,69,2,25
兰州,2017-11-1,轻度污染,103,266,65,151,29,80,2,35
兰州,2017-11-2,良,97,205,57,143,27,72,2,39
兰州,2017-11-3,轻度污染,122,292,59,192,30,70,2,35
兰州,2017-11-4,轻度污染,118,329,68,184,36,75,2,32
兰州,2017-11-5,轻度污染,106,292,73,158,27,78,2,39
兰州,2017-11-6,良,92,211,55,132,25,56,2,42
兰州,2017-11-7,良,86,142,50,119,25,67,1,43
兰州,2017-11-8,轻度污染,102,223,62,153,33,81,2,26
兰州,2017-11-9,轻度污染,109,280,45,165,16,40,1,46
兰州,2017-11-10,良,93,288,41,134,18,47,1,35
兰州,2017-11-11,良,98,346,61,143,26,58,2,35
兰州,2017-11-12,良,76,260,39,100,19,45,1,48
兰州,2017-11-13,良,75,231,38,97,22,52,1,46
兰州,2017-11-14,良,84,277,47,116,26,67,1,34
兰州,2017-11-15,良,100,298,61,147,32,74,2,24
兰州,2017-11-16,轻度污染,118,311,82,176,34,78,2,29
兰州,2017-11-17,良,88,270,59,121,30,52,1,29
兰州,2017-11-18,良,80,339,44,108,36,52,1,22
兰州,2017-11-19,良,75,269,37,98,39,38,1,37
兰州,2017-11-20,良,88,289,45,124,30,66,1,22
兰州,2017-11-21,良,75,211,39,97,33,48,1,38
兰州,2017-11-22,良,77,246,39,103,28,62,1,40
兰州,2017-11-23,良,90,343,49,128,39,77,2,32
兰州,2017-11-24,轻度污染,106,355,66,159,41,81,2,22
兰州,2017-11-25,轻度污染,109,320,70,164,53,80,3,24
兰州,2017-11-26,轻度污染,122,336,82,183,50,95,3,29
兰州,2017-11-27,轻度污染,113,296,81,168,45,81,2,25
兰州,2017-11-28,良,94,200,55,133,40,67,2,27
兰州,2017-11-29,良,95,260,52,138,44,69,2,27
兰州,2017-11-30,良,88,322,47,123,38,82,2,32
兰州,2017-12-1,轻度污染,113,322,75,167,51,95,2,27
兰州,2017-12-2,轻度污染,131,302,98,190,56,102,3,25
兰州,2017-12-3,轻度污染,108,257,79,152,48,82,2,33
兰州,2017-12-4,良,72,213,41,93,34,65,1,36
兰州,2017-12-5,良,76,213,40,101,32,71,2,27
兰州,2017-12-6,良,86,163,56,120,46,66,2,25
兰州,2017-12-7,良,72,122,41,92,41,56,1,30
兰州,2017-12-8,良,76,216,43,100,48,64,2,21
兰州,2017-12-9,良,96,270,57,139,54,68,2,28
兰州,2017-12-10,良,98,255,59,144,43,83,2,29
兰州,2017-12-11,轻度污染,116,319,82,175,55,91,3,26
兰州,2017-12-12,轻度污染,109,308,75,163,55,82,3,27
兰州,2017-12-13,轻度污染,121,334,88,175,67,81,2,31
兰州,2017-12-14,良,88,233,50,124,34,52,1,34
兰州,2017-12-15,良,68,201,34,85,29,38,1,50
兰州,2017-12-16,良,58,176,30,66,25,45,1,42
兰州,2017-12-17,良,93,319,64,131,49,75,2,24
兰州,2017-12-18,良,89,296,60,121,55,70,2,22
兰州,2017-12-19,轻度污染,104,322,73,142,61,84,3,31
兰州,2017-12-20,轻度污染,132,348,99,185,69,104,4,25
兰州,2017-12-21,中度污染,167,360,126,215,65,122,4,26
兰州,2017-12-22,轻度污染,148,312,112,197,73,112,4,23
兰州,2017-12-23,良,97,134,50,141,38,64,2,34
兰州,2017-12-24,轻度污染,115,238,63,178,51,85,3,25
兰州,2017-12-25,轻度污染,111,309,76,167,61,92,3,26
兰州,2017-12-26,轻度污染,121,272,88,177,75,112,4,23
兰州,2017-12-27,中度污染,152,290,115,208,62,124,4,29
兰州,2017-12-28,严重污染,273,351,142,657,46,77,3,32
兰州,2017-12-29,严重污染,481,361,119,720,13,43,1,44
兰州,2017-12-30,严重污染,319,356,104,435,22,65,2,23
兰州,2017-12-31,中度污染,187,302,102,319,45,79,3,26
兰州,2018-1-1,轻度污染,147,275,93,240,57,90,3,40
兰州,2018-1-2,良,89,179,37,125,20,35,1,51
兰州,2018-1-3,良,96,300,65,115,25,46,1,35
兰州,2018-1-4,轻度污染,125,354,94,130,20,60,2,23
兰州,2018-1-5,轻度污染,110,317,82,112,14,46,2,24
兰州,2018-1-6,良,91,229,67,95,16,28,1,52
兰州,2018-1-7,良,69,206,38,87,17,21,1,68
兰州,2018-1-8,良,83,248,50,114,28,59,2,40
兰州,2018-1-9,轻度污染,101,347,73,142,48,81,2,31
兰州,2018-1-10,轻度污染,110,344,79,151,52,94,3,30
兰州,2018-1-11,轻度污染,114,337,85,151,55,90,3,28
兰州,2018-1-12,轻度污染,130,342,98,172,60,93,3,24
兰州,2018-1-13,轻度污染,140,304,102,187,50,83,3,37
兰州,2018-1-14,轻度污染,117,247,82,173,50,74,2,30
兰州,2018-1-15,轻度污染,113,196,73,144,29,53,2,40
兰州,2018-1-16,轻度污染,109,190,67,165,53,84,3,36
兰州,2018-1-17,轻度污染,124,216,42,169,19,38,1,53
兰州,2018-1-18,良,99,152,60,146,50,75,2,22
兰州,2018-1-19,轻度污染,113,183,79,170,55,78,3,30
兰州,2018-1-20,良,91,155,61,128,50,72,2,28
兰州,2018-1-21,良,85,171,49,119,48,61,2,31
兰州,2018-1-22,良,94,237,53,135,44,62,2,39
兰州,2018-1-23,良,94,242,57,136,39,62,2,38
兰州,2018-1-24,良,92,300,62,128,32,56,2,29
兰州,2018-1-25,轻度污染,102,333,73,129,29,46,1,40
兰州,2018-1-26,轻度污染,123,348,92,135,35,59,2,37
兰州,2018-1-27,轻度污染,105,308,78,113,28,32,1,56
兰州,2018-1-28,良,72,215,38,92,19,24,1,56
兰州,2018-1-29,良,83,220,56,110,24,43,1,39
兰州,2018-1-30,良,75,157,41,98,28,25,1,56
兰州,2018-1-31,轻度污染,110,282,60,169,30,62,2,33
兰州,2018-2-1,良,91,219,53,131,32,50,2,45
兰州,2018-2-2,良,75,196,35,97,17,38,1,55
兰州,2018-2-3,良,83,297,53,115,27,50,2,42
兰州,2018-2-4,良,83,282,56,114,29,59,2,41
兰州,2018-2-5,轻度污染,105,335,77,140,39,70,2,40
兰州,2018-2-6,良,97,296,71,127,42,70,2,42
兰州,2018-2-7,良,93,221,61,134,44,72,2,34
兰州,2018-2-8,良,91,182,60,128,33,62,2,36
兰州,2018-2-9,严重污染,376,366,133,805,12,21,1,73
兰州,2018-2-10,良,81,164,32,111,11,26,1,68
兰州,2018-2-11,良,91,220,51,130,46,53,2,45
兰州,2018-2-12,良,85,250,53,119,45,67,2,40
兰州,2018-2-13,轻度污染,106,305,78,147,51,86,3,38
兰州,2018-2-14,良,95,252,62,127,36,66,2,40
兰州,2018-2-15,良,75,171,47,98,50,58,2,43
兰州,2018-2-16,良,100,140,71,139,63,65,2,50
兰州,2018-2-17,良,84,171,39,115,20,25,1,78
兰州,2018-2-18,良,64,193,32,75,23,22,1,68
兰州,2018-2-19,良,72,253,43,90,21,30,1,64
兰州,2018-2-20,良,63,179,35,75,21,18,1,79
兰州,2018-2-21,良,51,154,34,51,20,29,1,65
兰州,2018-2-22,良,68,219,47,78,31,60,2,52
兰州,2018-2-23,良,75,252,39,98,26,44,1,48
兰州,2018-2-24,轻度污染,128,349,50,203,27,49,1,50
兰州,2018-2-25,良,95,293,53,138,36,69,2,58
兰州,2018-2-26,良,85,239,53,118,44,64,2,46
兰州,2018-2-27,良,85,239,60,104,18,60,2,44
兰州,2018-2-28,良,75,223,49,93,32,55,2,60
兰州,2018-3-1,良,64,175,32,76,30,56,1,56
兰州,2018-3-2,良,89,283,57,119,44,78,2,46
兰州,2018-3-3,良,95,257,47,136,31,48,1,53
兰州,2018-3-4,良,66,227,34,80,12,33,1,70
兰州,2018-3-5,良,59,253,35,65,14,41,1,57
兰州,2018-3-6,良,68,277,47,80,19,51,1,50
兰州,2018-3-7,轻度污染,119,352,53,187,18,42,1,56
兰州,2018-3-8,良,90,309,42,128,22,61,1,50
兰州,2018-3-9,良,83,252,46,115,31,69,2,48
兰州,2018-3-10,良,82,212,47,108,26,71,1,61
兰州,2018-3-11,良,86,223,55,120,34,74,2,59
兰州,2018-3-12,良,93,236,57,132,29,78,2,63
兰州,2018-3-13,良,84,206,49,115,30,74,1,52
兰州,2018-3-14,良,86,238,44,109,36,76,1,63
兰州,2018-3-15,中度污染,190,347,58,286,19,50,1,59
兰州,2018-3-16,重度污染,223,354,66,347,22,51,1,80
兰州,2018-3-17,严重污染,323,364,89,434,16,25,1,85
兰州,2018-3-18,中度污染,180,354,72,307,16,30,1,74
兰州,2018-3-19,重度污染,203,361,73,328,18,47,1,57
兰州,2018-3-20,轻度污染,144,345,71,222,7,32,1,68
兰州,2018-3-21,轻度污染,147,356,61,237,13,46,1,67
兰州,2018-3-22,良,97,276,43,141,22,64,1,46
兰州,2018-3-23,良,76,132,34,101,17,53,1,59
兰州,2018-3-24,良,78,159,32,103,18,55,1,66
兰州,2018-3-25,良,89,211,44,123,22,59,1,75
兰州,2018-3-26,轻度污染,141,335,61,231,24,70,1,53
兰州,2018-3-27,轻度污染,123,319,58,195,28,70,2,60
兰州,2018-3-28,轻度污染,103,276,52,154,31,67,1,66
兰州,2018-3-29,轻度污染,118,299,44,183,16,55,1,68
兰州,2018-3-30,中度污染,157,342,68,248,7,25,1,73
兰州,2018-3-31,轻度污染,141,336,63,231,12,37,1,57
兰州,2018-4-1,轻度污染,123,292,56,194,16,58,1,61
兰州,2018-4-2,轻度污染,109,272,52,163,24,63,1,83
兰州,2018-4-3,重度污染,206,347,66,339,9,25,1,74
兰州,2018-4-4,严重污染,325,358,155,895,16,38,1,59
兰州,2018-4-5,重度污染,239,347,78,347,5,14,1,83
兰州,2018-4-6,轻度污染,145,353,50,230,7,23,1,79
兰州,2018-4-7,良,97,331,43,142,20,60,1,56
兰州,2018-4-8,轻度污染,103,342,48,149,25,69,1,59
兰州,2018-4-9,中度污染,170,344,74,282,23,53,1,66
兰州,2018-4-10,严重污染,333,355,135,534,11,45,1,52
兰州,2018-4-11,轻度污染,148,324,64,244,22,58,1,56
兰州,2018-4-12,轻度污染,118,343,64,182,10,54,1,44
兰州,2018-4-13,良,94,342,44,137,5,19,0,82
兰州,2018-4-14,良,93,299,47,133,7,42,1,77
兰州,2018-4-15,良,92,257,52,124,15,61,1,69
兰州,2018-4-16,良,97,238,48,120,16,69,1,73
兰州,2018-4-17,轻度污染,101,242,46,129,26,78,1,81
兰州,2018-4-18,良,99,235,47,142,24,63,1,85
兰州,2018-4-19,良,83,161,49,102,7,35,1,108
兰州,2018-4-20,轻度污染,105,294,64,148,5,37,1,102
兰州,2018-4-21,良,89,330,45,127,11,55,1,60
兰州,2018-4-22,良,78,334,36,104,15,44,1,69
兰州,2018-4-23,良,58,243,33,70,4,19,1,71
兰州,2018-4-24,优,41,85,23,35,5,27,1,74
兰州,2018-4-25,良,64,156,40,75,12,46,1,64
兰州,2018-4-26,良,74,180,35,96,12,39,1,76
兰州,2018-4-27,良,83,224,43,109,15,49,1,78
兰州,2018-4-28,良,85,204,40,104,11,56,1,77
兰州,2018-4-29,良,85,193,39,117,9,49,1,76
兰州,2018-4-30,良,57,128,28,54,4,23,0,96
兰州,2018-5-1,良,75,239,37,97,10,33,1,82
兰州,2018-5-2,良,94,337,39,136,12,45,1,86
兰州,2018-5-3,良,87,340,38,116,12,50,1,86
兰州,2018-5-4,轻度污染,114,352,51,166,5,28,1,91
兰州,2018-5-5,良,73,254,31,84,4,19,0,106
兰州,2018-5-6,良,59,197,27,59,5,37,1,84
兰州,2018-5-7,良,77,290,28,74,9,40,1,115
兰州,2018-5-8,良,60,160,26,65,4,33,1,78
兰州,2018-5-9,良,87,274,41,120,4,23,1,75
兰州,2018-5-10,优,44,47,25,44,4,27,1,65
兰州,2018-5-11,良,76,273,35,80,10,43,1,91
兰州,2018-5-12,良,94,308,43,132,16,54,1,93
兰州,2018-5-13,轻度污染,122,352,55,182,21,65,1,71
兰州,2018-5-14,良,93,282,42,113,14,50,1,94
兰州,2018-5-15,良,91,300,44,129,10,37,1,87
兰州,2018-5-16,中度污染,199,361,75,285,6,24,0,79
兰州,2018-5-17,良,97,347,46,142,10,31,1,73
兰州,2018-5-18,轻度污染,126,361,55,174,9,30,1,97
兰州,2018-5-19,轻度污染,108,356,63,150,5,23,1,97
兰州,2018-5-20,良,65,303,32,77,10,38,1,71
兰州,2018-5-21,良,70,326,38,89,6,27,0,86
兰州,2018-5-22,良,60,241,22,59,11,33,1,92
兰州,2018-5-23,良,67,154,23,73,12,43,1,84
兰州,2018-5-24,良,66,138,28,76,10,38,1,76
兰州,2018-5-25,中度污染,173,349,58,252,13,28,1,98
兰州,2018-5-26,轻度污染,143,309,68,233,6,27,1,116
兰州,2018-5-27,轻度污染,124,342,57,195,15,54,1,74
兰州,2018-5-28,良,100,270,41,136,22,58,1,84
兰州,2018-5-29,良,79,201,30,100,16,52,1,72
兰州,2018-5-30,良,86,263,31,95,20,51,1,91
兰州,2018-5-31,良,67,197,25,82,8,35,0,91
兰州,2018-6-1,良,73,191,31,79,8,34,1,112
兰州,2018-6-2,良,92,265,35,130,14,37,1,90
兰州,2018-6-3,良,71,170,34,82,5,20,0,100
兰州,2018-6-4,良,63,158,26,69,13,47,1,70
兰州,2018-6-5,良,97,298,34,95,21,61,1,99
兰州,2018-6-6,良,86,242,39,110,13,46,1,66
兰州,2018-6-7,良,68,182,37,83,14,44,1,67
兰州,2018-6-8,良,57,191,24,45,8,30,1,87
兰州,2018-6-9,良,75,334,23,54,16,38,1,104